Lattice =
[[ 1.          0.          0.          0.          0.          0.
   0.          0.          0.          0.          0.          0.
   0.          0.          0.          0.          0.          0.
   0.          0.          0.        ]
 [ 0.21408702  0.97681459  0.          0.          0.          0.
   0.          0.          0.          0.          0.          0.
   0.          0.          0.          0.          0.          0.
   0.          0.          0.        ]
 [ 0.2770484  -0.44906836  0.8494597   0.          0.          0.
   0.          0.          0.          0.          0.          0.
   0.          0.          0.          0.          0.          0.
   0.          0.          0.        ]
 [ 0.42087833  0.09515618  0.13913272  0.89131859  0.          0.
   0.          0.          0.          0.          0.          0.
   0.          0.          0.          0.          0.          0.
   0.          0.          0.        ]
 [ 0.41472283 -0.1559167   0.29344359  0.16077535  0.83170734  0.
   0.          0.          0.          0.          0.          0.
   0.          0.          0.          0.          0.          0.
   0.          0.          0.        ]
 [-0.20628457  0.23368933  0.22329334 -0.30790503  0.16598595  0.85476266
   0.          0.          0.          0.          0.          0.
   0.          0.          0.          0.          0.          0.
   0.          0.          0.        ]
 [-0.26611786 -0.43884993  0.32672931  0.2223101  -0.20730306  0.24435051
   0.69118483  0.          0.          0.          0.          0.
   0.          0.          0.          0.          0.          0.
   0.          0.          0.        ]
 [ 0.42158112  0.04286525  0.31308545  0.33887673 -0.21254549 -0.14544723
  -0.22060326  0.70183738  0.          0.          0.          0.
   0.          0.          0.          0.          0.          0.
   0.          0.          0.        ]
 [-0.21245594 -0.37175446 -0.26579593 -0.16585808 -0.40868124 -0.34855037
  -0.08442552 -0.28610584  0.583963    0.          0.          0.
   0.          0.          0.          0.          0.          0.
   0.          0.          0.        ]
 [-0.05242022 -0.364875   -0.31953738 -0.34141654  0.31780924  0.04006288
   0.19535329  0.1285263  -0.14387081  0.68371082  0.          0.
   0.          0.          0.          0.          0.          0.
   0.          0.          0.        ]
 [ 0.16543273 -0.42944643  0.12666411 -0.34184378  0.0634195   0.09055955
   0.13254588  0.31177804 -0.29016879 -0.30540272  0.59231836  0.
   0.          0.          0.          0.          0.          0.
   0.          0.          0.        ]
 [-0.05381415 -0.43260727 -0.18922061 -0.30454257 -0.34914603 -0.00309693
  -0.29326142 -0.20064263 -0.23004659 -0.01170723 -0.26871599  0.55494624
   0.          0.          0.          0.          0.          0.
   0.          0.          0.        ]
 [ 0.13943159  0.4062335  -0.38683989  0.33615819 -0.04794796 -0.16141089
   0.34322265 -0.1951535  -0.00597501 -0.26203293  0.16364216 -0.20137228
   0.48230704  0.          0.          0.          0.          0.
   0.          0.          0.        ]
 [ 0.30246099  0.07473616  0.32547935  0.27865693 -0.32953775  0.11748013
   0.31630813 -0.19908972  0.1740559   0.30286686  0.03248526 -0.24795575
   0.20904625  0.47853906  0.          0.          0.          0.
   0.          0.          0.        ]
 [ 0.24494781 -0.40682709  0.35400707 -0.06557167 -0.01329637 -0.32018299
  -0.16505809  0.30335638  0.03111666  0.2022164   0.01213662 -0.2249336
   0.21066182 -0.22908637  0.48316386  0.          0.          0.
   0.          0.          0.        ]
 [-0.19497175 -0.12234137 -0.15412105 -0.33757494 -0.39398819 -0.14302097
  -0.08375415 -0.0391009   0.21995792  0.34599937  0.13640571  0.1873657
   0.16070019  0.0850934  -0.26098114  0.54963357  0.          0.
   0.          0.          0.        ]
 [ 0.29387835 -0.11856922 -0.15280087 -0.31749504 -0.41107397 -0.35911636
   0.14054123  0.17715615 -0.00814071  0.02147112 -0.26742444 -0.10505909
   0.06200533 -0.2348938   0.0700704   0.26514729  0.4571979   0.
   0.          0.          0.        ]
 [-0.2686677   0.06681462  0.34364486  0.2033534   0.36544694 -0.17042391
   0.26361222 -0.24875148 -0.08859437 -0.34158088  0.11147525  0.24713057
   0.01601712 -0.09422107  0.15082487 -0.12376534 -0.19963899  0.42995583
   0.          0.          0.        ]
 [ 0.37085887  0.11993459  0.39925968 -0.44355281 -0.21601     0.00904253
  -0.25781641  0.13951596  0.01247749 -0.05995907  0.27712386 -0.13492303
   0.1052461  -0.07087018  0.16255765 -0.15475139 -0.11230848 -0.18334608
   0.38445025  0.          0.        ]
 [-0.04595031  0.23921057 -0.32845702 -0.44658892  0.18844573  0.41332001
   0.1034467  -0.08673737 -0.26389107  0.0207457  -0.1106623  -0.07570791
   0.20726462 -0.11141683 -0.22373573 -0.14752616 -0.01079442  0.17292318
  -0.0682792   0.39855952  0.        ]
 [-0.39733535  0.01021843 -0.23121655  0.28603324  0.31099829 -0.32800176
  -0.26946556  0.20463374 -0.04717118 -0.25329471  0.2091839  -0.02060538
  -0.07708127 -0.10524634  0.23452192  0.18274508  0.01928809  0.12594071
   0.12359429  0.14724701  0.34464707]],
NSM =
0.06749429227215076