Lattice =
[[ 1.          0.          0.          0.          0.          0.
   0.          0.          0.          0.          0.          0.        ]
 [-0.41113735  0.91157341  0.          0.          0.          0.
   0.          0.          0.          0.          0.          0.        ]
 [ 0.38852695  0.37977661  0.83953352  0.          0.          0.
   0.          0.          0.          0.          0.          0.        ]
 [-0.03828891  0.45976994  0.25957625  0.84839008  0.          0.
   0.          0.          0.          0.          0.          0.        ]
 [ 0.45203543 -0.24969146 -0.1166724   0.2526621   0.8098565   0.
   0.          0.          0.          0.          0.          0.        ]
 [ 0.4744603   0.2441427  -0.304585    0.01445083  0.38644019  0.68772443
   0.          0.          0.          0.          0.          0.        ]
 [-0.40334171 -0.36385882 -0.32192404  0.37903243 -0.0711483   0.25369593
   0.62305525  0.          0.          0.          0.          0.        ]
 [-0.4163779   0.10026799  0.38456845 -0.12002522  0.31324207  0.24476223
  -0.28952699  0.64220075  0.          0.          0.          0.        ]
 [ 0.45687223  0.17681614 -0.32458753 -0.01073201  0.39086311 -0.0024175
   0.27738625 -0.30159394  0.5777973   0.          0.          0.        ]
 [ 0.41815839 -0.03103783 -0.37462481 -0.37438227 -0.1909885  -0.31201437
   0.00394929  0.30147087 -0.23254539  0.51465248  0.          0.        ]
 [-0.41985502  0.44109146 -0.28923055  0.34756468 -0.28041777  0.13608022
  -0.04595795 -0.30215708  0.07557848  0.21401881  0.42734696  0.        ]
 [-0.43716479  0.31097277 -0.42627066  0.01697188 -0.3337929   0.19791527
   0.24716677  0.22812319  0.22686035 -0.04888215 -0.09895969  0.45035575]],
NSM =
0.06997918906176902