Lattice =
[[ 1.          0.          0.          0.          0.          0.
   0.          0.          0.          0.          0.        ]
 [ 0.33208958  0.94324785  0.          0.          0.          0.
   0.          0.          0.          0.          0.        ]
 [ 0.44048289 -0.39533368  0.80603108  0.          0.          0.
   0.          0.          0.          0.          0.        ]
 [-0.43415247  0.09319693  0.30867221  0.84115838  0.          0.
   0.          0.          0.          0.          0.        ]
 [-0.41182075  0.10929592  0.35474276 -0.39567132  0.73216108  0.
   0.          0.          0.          0.          0.        ]
 [-0.46564458 -0.29806681  0.12659    -0.23229166 -0.36163134  0.70254511
   0.          0.          0.          0.          0.        ]
 [ 0.45039108 -0.42224727  0.28746521  0.19923276  0.32345995 -0.31097984
   0.54331425  0.          0.          0.          0.        ]
 [-0.44309068 -0.33842135  0.11554667 -0.23679952  0.29586221 -0.34209208
  -0.20482003  0.61090417  0.          0.          0.        ]
 [ 0.44880593  0.345439    0.4413407  -0.00365137 -0.00466228 -0.34259725
   0.19929822  0.26454291  0.50729955  0.          0.        ]
 [ 0.36881028 -0.56468413  0.02215747 -0.32104154  0.19427234 -0.00783517
  -0.00612188 -0.21297573  0.12233513  0.58599235  0.        ]
 [ 0.4356598  -0.09079992 -0.31716219 -0.25311936  0.30952804  0.34073514
  -0.20982068  0.20128025  0.22790573  0.2517233   0.47491316]],
NSM =
0.07041964137624422