Lattice =
[[ 1.          0.          0.          0.          0.          0.
   0.          0.          0.          0.          0.          0.
   0.          0.          0.          0.          0.          0.
   0.        ]
 [ 0.38904825  0.92121738  0.          0.          0.          0.
   0.          0.          0.          0.          0.          0.
   0.          0.          0.          0.          0.          0.
   0.        ]
 [ 0.25847221  0.28534419  0.9229143   0.          0.          0.
   0.          0.          0.          0.          0.          0.
   0.          0.          0.          0.          0.          0.
   0.        ]
 [ 0.4410498   0.21089528  0.39090299  0.77986737  0.          0.
   0.          0.          0.          0.          0.          0.
   0.          0.          0.          0.          0.          0.
   0.        ]
 [-0.02995959  0.32385358 -0.37070175  0.01399457  0.86983081  0.
   0.          0.          0.          0.          0.          0.
   0.          0.          0.          0.          0.          0.
   0.        ]
 [ 0.45542634 -0.24067372 -0.29234757 -0.12274563  0.24680973  0.75710923
   0.          0.          0.          0.          0.          0.
   0.          0.          0.          0.          0.          0.
   0.        ]
 [ 0.14015664  0.20046315  0.13936449 -0.32682266  0.38962715  0.35218326
   0.73354807  0.          0.          0.          0.          0.
   0.          0.          0.          0.          0.          0.
   0.        ]
 [ 0.43693837  0.25012285  0.12302073 -0.01425596  0.37449664 -0.06553811
  -0.27262572  0.71576415  0.          0.          0.          0.
   0.          0.          0.          0.          0.          0.
   0.        ]
 [-0.29902184 -0.10437901 -0.28721999 -0.34495035 -0.3692263   0.07587715
  -0.30772416 -0.33599716  0.59036534  0.          0.          0.
   0.          0.          0.          0.          0.          0.
   0.        ]
 [-0.42646321  0.15308038 -0.29543609 -0.19748308  0.36931307  0.32910748
   0.25069736 -0.04371245 -0.22922688  0.55353833  0.          0.
   0.          0.          0.          0.          0.          0.
   0.        ]
 [-0.39409297 -0.25794871 -0.23367559  0.29019518 -0.3862953   0.07515035
  -0.20127601 -0.27404698  0.20933705 -0.13757852  0.55326342  0.
   0.          0.          0.          0.          0.          0.
   0.        ]
 [ 0.47462367 -0.0944963  -0.02174435  0.32578711 -0.31692358 -0.27928905
  -0.06166495  0.20007142 -0.15786854  0.24121521  0.18854232  0.56414824
   0.          0.          0.          0.          0.          0.
   0.        ]
 [-0.37724174  0.37188615 -0.08161173 -0.0769078   0.28021654 -0.27761193
   0.11005802  0.17124423 -0.16997063 -0.19917805 -0.23916024 -0.25276904
   0.56580502  0.          0.          0.          0.          0.
   0.        ]
 [-0.13617258 -0.3903157   0.39900378 -0.27282232 -0.09514147  0.29842
  -0.23085972  0.19753072 -0.18368473 -0.21649009  0.11476372 -0.17379157
   0.06817046  0.52576057  0.          0.          0.          0.
   0.        ]
 [ 0.32172698 -0.36759559  0.27749118  0.25013322  0.29433657 -0.33234132
   0.01178881  0.05129622 -0.00443813 -0.23417535 -0.1999721  -0.21951363
  -0.19630475  0.27196605  0.40793167  0.          0.          0.
   0.        ]
 [-0.04769767 -0.02513056  0.27648496  0.38371859  0.38799603 -0.17844299
   0.35875788 -0.11411721  0.01092648  0.04604771  0.27362014 -0.12457527
   0.23789736  0.18884384 -0.01691465  0.51393259  0.          0.
   0.        ]
 [-0.23208371  0.06273718 -0.34422783  0.37453199 -0.36529135 -0.02577178
  -0.09141549 -0.35561752 -0.08231568  0.17365157 -0.10422218  0.14332777
  -0.11777875 -0.18485857 -0.20438966  0.21362389  0.45904351  0.
   0.        ]
 [ 0.41180281  0.16937792  0.37680337 -0.00867646 -0.29164531 -0.16799154
   0.32024605 -0.26262573  0.12187458  0.16278271 -0.22338662  0.10302405
  -0.14216249  0.0718152  -0.18205639  0.16947837 -0.16123196  0.3997094
   0.        ]
 [ 0.26163934  0.23750317  0.35839807 -0.05272817  0.27983147 -0.32575376
   0.27243726 -0.28928203 -0.22100962  0.04766275 -0.06754669 -0.13554078
   0.2568093  -0.22180482  0.01533831  0.20427831 -0.11517738 -0.16682909
   0.35960872]],
NSM =
0.06795166491367759