Lattice =
[[ 1.00000000e+00  0.00000000e+00  0.00000000e+00  0.00000000e+00
   0.00000000e+00  0.00000000e+00  0.00000000e+00  0.00000000e+00
   0.00000000e+00  0.00000000e+00  0.00000000e+00  0.00000000e+00
   0.00000000e+00  0.00000000e+00  0.00000000e+00  0.00000000e+00
   0.00000000e+00  0.00000000e+00  0.00000000e+00  0.00000000e+00
   0.00000000e+00  0.00000000e+00  0.00000000e+00  0.00000000e+00]
 [ 2.33077808e-01  9.72458089e-01  0.00000000e+00  0.00000000e+00
   0.00000000e+00  0.00000000e+00  0.00000000e+00  0.00000000e+00
   0.00000000e+00  0.00000000e+00  0.00000000e+00  0.00000000e+00
   0.00000000e+00  0.00000000e+00  0.00000000e+00  0.00000000e+00
   0.00000000e+00  0.00000000e+00  0.00000000e+00  0.00000000e+00
   0.00000000e+00  0.00000000e+00  0.00000000e+00  0.00000000e+00]
 [ 3.36784080e-01  3.42991206e-01  8.76888543e-01  0.00000000e+00
   0.00000000e+00  0.00000000e+00  0.00000000e+00  0.00000000e+00
   0.00000000e+00  0.00000000e+00  0.00000000e+00  0.00000000e+00
   0.00000000e+00  0.00000000e+00  0.00000000e+00  0.00000000e+00
   0.00000000e+00  0.00000000e+00  0.00000000e+00  0.00000000e+00
   0.00000000e+00  0.00000000e+00  0.00000000e+00  0.00000000e+00]
 [-3.51078435e-01 -3.49704306e-01 -2.97578172e-01  8.16025773e-01
   0.00000000e+00  0.00000000e+00  0.00000000e+00  0.00000000e+00
   0.00000000e+00  0.00000000e+00  0.00000000e+00  0.00000000e+00
   0.00000000e+00  0.00000000e+00  0.00000000e+00  0.00000000e+00
   0.00000000e+00  0.00000000e+00  0.00000000e+00  0.00000000e+00
   0.00000000e+00  0.00000000e+00  0.00000000e+00  0.00000000e+00]
 [-3.60437766e-01  2.88320919e-01 -1.46059680e-01  9.97788087e-02
   8.69290759e-01  0.00000000e+00  0.00000000e+00  0.00000000e+00
   0.00000000e+00  0.00000000e+00  0.00000000e+00  0.00000000e+00
   0.00000000e+00  0.00000000e+00  0.00000000e+00  0.00000000e+00
   0.00000000e+00  0.00000000e+00  0.00000000e+00  0.00000000e+00
   0.00000000e+00  0.00000000e+00  0.00000000e+00  0.00000000e+00]
 [-3.51083235e-01  3.84047704e-01 -3.33805048e-01 -1.89167251e-01
   2.97991748e-02  7.62331865e-01  0.00000000e+00  0.00000000e+00
   0.00000000e+00  0.00000000e+00  0.00000000e+00  0.00000000e+00
   0.00000000e+00  0.00000000e+00  0.00000000e+00  0.00000000e+00
   0.00000000e+00  0.00000000e+00  0.00000000e+00  0.00000000e+00
   0.00000000e+00  0.00000000e+00  0.00000000e+00  0.00000000e+00]
 [-9.22181127e-02  2.83460490e-01 -7.08046891e-02 -2.52309955e-01
   3.19953336e-01  3.65735970e-01  7.78677992e-01  0.00000000e+00
   0.00000000e+00  0.00000000e+00  0.00000000e+00  0.00000000e+00
   0.00000000e+00  0.00000000e+00  0.00000000e+00  0.00000000e+00
   0.00000000e+00  0.00000000e+00  0.00000000e+00  0.00000000e+00
   0.00000000e+00  0.00000000e+00  0.00000000e+00  0.00000000e+00]
 [ 3.61572117e-02  2.77727397e-01  1.71456767e-02  2.20780271e-01
  -8.95845851e-02  3.04423566e-01 -1.62942125e-01  8.63291958e-01
   0.00000000e+00  0.00000000e+00  0.00000000e+00  0.00000000e+00
   0.00000000e+00  0.00000000e+00  0.00000000e+00  0.00000000e+00
   0.00000000e+00  0.00000000e+00  0.00000000e+00  0.00000000e+00
   0.00000000e+00  0.00000000e+00  0.00000000e+00  0.00000000e+00]
 [ 4.39301573e-01  1.90538151e-01  9.26146156e-04  2.67078609e-01
  -1.48854408e-01 -2.26509017e-01 -1.19157529e-01  3.25532394e-01
   7.11156575e-01  0.00000000e+00  0.00000000e+00  0.00000000e+00
   0.00000000e+00  0.00000000e+00  0.00000000e+00  0.00000000e+00
   0.00000000e+00  0.00000000e+00  0.00000000e+00  0.00000000e+00
   0.00000000e+00  0.00000000e+00  0.00000000e+00  0.00000000e+00]
 [-3.62547390e-01 -3.19272210e-01  2.17299472e-01 -3.62286731e-01
   3.38037271e-01 -1.63495235e-01  1.75426796e-01 -1.79293037e-01
  -2.15302071e-01  5.81273160e-01  0.00000000e+00  0.00000000e+00
   0.00000000e+00  0.00000000e+00  0.00000000e+00  0.00000000e+00
   0.00000000e+00  0.00000000e+00  0.00000000e+00  0.00000000e+00
   0.00000000e+00  0.00000000e+00  0.00000000e+00  0.00000000e+00]
 [-3.11597173e-01  3.19849487e-01 -2.41951365e-02 -3.57547516e-01
   3.54577294e-01  3.16234620e-01  2.05350886e-01  1.74760546e-01
  -2.13566580e-01  2.49378172e-01  5.15691858e-01  0.00000000e+00
   0.00000000e+00  0.00000000e+00  0.00000000e+00  0.00000000e+00
   0.00000000e+00  0.00000000e+00  0.00000000e+00  0.00000000e+00
   0.00000000e+00  0.00000000e+00  0.00000000e+00  0.00000000e+00]
 [ 3.21540803e-01  2.12956973e-02 -4.11505198e-01  3.75888496e-01
   1.41658558e-01 -2.20613184e-01  2.27758817e-01  1.78076823e-02
  -3.26157219e-01 -2.00340272e-01  2.14690621e-01  5.21530422e-01
   0.00000000e+00  0.00000000e+00  0.00000000e+00  0.00000000e+00
   0.00000000e+00  0.00000000e+00  0.00000000e+00  0.00000000e+00
   0.00000000e+00  0.00000000e+00  0.00000000e+00  0.00000000e+00]
 [-1.38282261e-01 -3.60550705e-01  1.37765027e-01 -2.33697640e-01
   2.22135954e-01  2.91530429e-01  3.31078781e-01  2.84314692e-01
   1.94021515e-01 -7.26648486e-02 -1.64049399e-01 -2.24309681e-01
   5.76501061e-01  0.00000000e+00  0.00000000e+00  0.00000000e+00
   0.00000000e+00  0.00000000e+00  0.00000000e+00  0.00000000e+00
   0.00000000e+00  0.00000000e+00  0.00000000e+00  0.00000000e+00]
 [-7.44457548e-02 -4.03620485e-01 -4.14022479e-02  2.89047680e-01
   3.29383610e-01 -7.54684363e-02 -3.13438575e-01 -2.19035188e-01
  -2.94977966e-01 -1.22629102e-01  2.53693008e-01 -1.86233738e-01
   1.10618176e-01  5.22060341e-01  0.00000000e+00  0.00000000e+00
   0.00000000e+00  0.00000000e+00  0.00000000e+00  0.00000000e+00
   0.00000000e+00  0.00000000e+00  0.00000000e+00  0.00000000e+00]
 [ 7.35292038e-02  3.33805517e-01  3.10047863e-01 -2.30921909e-01
  -3.58654633e-01  1.91651436e-01 -3.25413090e-01  4.73839241e-02
  -3.11347216e-01 -2.51959843e-01  2.36993582e-01 -1.05894651e-01
  -3.36678273e-02  1.64671648e-01  4.51840273e-01  0.00000000e+00
   0.00000000e+00  0.00000000e+00  0.00000000e+00  0.00000000e+00
   0.00000000e+00  0.00000000e+00  0.00000000e+00  0.00000000e+00]
 [ 3.98394811e-01  2.51414495e-01  1.53054008e-01  3.17659133e-01
  -4.02777274e-01 -7.05698204e-03  4.62951992e-02  8.79536977e-02
  -2.65218255e-01 -1.08691755e-01 -6.56987076e-02  1.61822844e-01
   2.05257827e-01  9.38937195e-03 -2.04522715e-01  5.33736818e-01
   0.00000000e+00  0.00000000e+00  0.00000000e+00  0.00000000e+00
   0.00000000e+00  0.00000000e+00  0.00000000e+00  0.00000000e+00]
 [ 4.99339216e-01  1.39634496e-01  2.38851990e-01  1.55291466e-01
   1.55516795e-01 -9.82587554e-02  1.17102031e-01 -3.04051183e-01
   2.54594713e-01 -1.50821665e-01 -3.69868292e-02 -2.48873311e-01
  -6.74717308e-02  4.03114981e-02  1.53727069e-01 -1.23097595e-01
   5.60502011e-01  0.00000000e+00  0.00000000e+00  0.00000000e+00
   0.00000000e+00  0.00000000e+00  0.00000000e+00  0.00000000e+00]
 [-4.26302260e-01 -3.60610712e-01 -1.68490776e-01  1.85351919e-01
  -6.05534161e-02  2.58509548e-01 -3.08780569e-01 -3.64651163e-01
   6.76786091e-02  2.07359809e-01 -3.90569178e-03 -1.14260071e-01
   1.59368733e-01  5.97417973e-02 -6.95459535e-02 -2.13771934e-01
   1.00059097e-01  4.20129181e-01  0.00000000e+00  0.00000000e+00
   0.00000000e+00  0.00000000e+00  0.00000000e+00  0.00000000e+00]
 [-2.33548772e-01  3.78711465e-01  1.07695646e-01  2.67678241e-01
  -1.90526750e-01  2.86239272e-01  1.41553094e-01  2.49115066e-01
   6.31418259e-02 -2.40954613e-01 -1.48875821e-01  1.49891038e-01
  -2.27965683e-01 -1.62933326e-01 -2.36696305e-01  7.52873555e-02
  -2.39877959e-01  1.98396587e-01  4.17929072e-01  0.00000000e+00
   0.00000000e+00  0.00000000e+00  0.00000000e+00  0.00000000e+00]
 [ 2.86978881e-01 -1.13354141e-01 -3.63368982e-02  1.88223312e-01
   2.97185076e-01  2.82776411e-01 -3.51749628e-01 -2.22042750e-01
   1.86519083e-01  2.46191845e-01  1.98725940e-01 -1.70597130e-01
  -2.66934406e-02 -2.25647324e-01  1.23131915e-01  2.38073304e-01
  -2.50512506e-01 -2.33297975e-02  1.07629534e-01  4.05442498e-01
   0.00000000e+00  0.00000000e+00  0.00000000e+00  0.00000000e+00]
 [ 1.15562057e-01 -2.30031933e-01  2.93601167e-01  2.71628239e-01
   1.64804019e-01  1.32903015e-01 -3.28241047e-01  3.63624322e-01
   2.64360021e-01 -1.17897853e-01  1.71731708e-01  8.41581329e-02
  -6.18555466e-02  2.26857464e-01  1.31263908e-02  7.42936848e-02
  -1.81360356e-01  1.33311039e-01 -1.64014564e-01  1.82704981e-01
   4.43475705e-01  0.00000000e+00  0.00000000e+00  0.00000000e+00]
 [ 3.26985203e-01 -3.55407428e-01  2.53261841e-01 -3.31750753e-01
  -2.10079452e-01  9.07266939e-02  3.23501970e-01  5.07838297e-02
   9.66243594e-02 -6.92755037e-02  2.56940515e-02  1.27490079e-02
  -2.07736341e-01 -2.74857220e-02 -1.95413423e-01  2.36861147e-01
   2.39002407e-01  6.82172578e-02 -1.50021657e-01 -8.87665027e-02
   1.65959565e-01  4.00133762e-01  0.00000000e+00  0.00000000e+00]
 [ 1.61677684e-01 -2.28553854e-01  2.92301996e-01  2.19501706e-01
  -9.66743713e-02  2.31070889e-01  5.43859197e-02 -3.56017987e-01
  -3.54288466e-01 -3.64345159e-02  1.51135679e-01  1.61678550e-01
   1.19052461e-01 -2.55219614e-01 -2.18275867e-02  2.01598421e-01
   2.29283419e-01 -1.84418338e-01 -1.30249451e-01 -8.95737424e-02
  -1.98714717e-01  1.61986506e-01  3.49285678e-01  0.00000000e+00]
 [ 2.26886850e-01  4.32905235e-01 -2.64384416e-01  2.37580409e-01
  -1.42098102e-01  1.89388297e-01 -2.13691577e-01  2.36775451e-01
   1.59609776e-01  2.46143166e-01 -6.11103310e-02  6.27504457e-02
  -2.11748504e-01  4.00710702e-02 -1.63264790e-01  2.20528305e-01
   1.90465704e-01 -1.75744232e-01 -4.24199173e-02  4.32599068e-02
   1.32918352e-01  1.54905095e-01  1.22987295e-01  3.65919976e-01]],
NSM =
0.06683008152785218