Lattice =
[[ 1.          0.          0.          0.          0.          0.
   0.          0.          0.          0.          0.          0.
   0.          0.          0.          0.          0.          0.
   0.          0.        ]
 [-0.40263612  0.91536012  0.          0.          0.          0.
   0.          0.          0.          0.          0.          0.
   0.          0.          0.          0.          0.          0.
   0.          0.        ]
 [-0.243932    0.24704954  0.93779726  0.          0.          0.
   0.          0.          0.          0.          0.          0.
   0.          0.          0.          0.          0.          0.
   0.          0.        ]
 [-0.42047268 -0.34857048  0.42065049  0.72439942  0.          0.
   0.          0.          0.          0.          0.          0.
   0.          0.          0.          0.          0.          0.
   0.          0.        ]
 [ 0.32932398  0.34711213 -0.17317544  0.33893986  0.791321    0.
   0.          0.          0.          0.          0.          0.
   0.          0.          0.          0.          0.          0.
   0.          0.        ]
 [ 0.29831721 -0.27184258  0.28007451  0.15597605 -0.36522524  0.77520882
   0.          0.          0.          0.          0.          0.
   0.          0.          0.          0.          0.          0.
   0.          0.        ]
 [-0.29938513 -0.08870371 -0.10509301 -0.39960429  0.01083718  0.31967873
   0.79338524  0.          0.          0.          0.          0.
   0.          0.          0.          0.          0.          0.
   0.          0.        ]
 [ 0.17956673  0.41166931  0.35320655  0.32465951 -0.32513872 -0.09392069
  -0.28665771  0.60943957  0.          0.          0.          0.
   0.          0.          0.          0.          0.          0.
   0.          0.        ]
 [ 0.36702978 -0.30005812 -0.39075464  0.0855438   0.07403107 -0.2620332
  -0.2661368   0.2933565   0.61985362  0.          0.          0.
   0.          0.          0.          0.          0.          0.
   0.          0.        ]
 [-0.15667087  0.41935996 -0.23946825  0.12089672 -0.05800743  0.28308995
  -0.33962502 -0.13166345  0.30644158  0.64617239  0.          0.
   0.          0.          0.          0.          0.          0.
   0.          0.        ]
 [-0.05930273  0.38066288 -0.08943332  0.32991266  0.31435014  0.3502111
  -0.32817794 -0.08030698 -0.1935781   0.26294589  0.54084328  0.
   0.          0.          0.          0.          0.          0.
   0.          0.        ]
 [ 0.20834775 -0.08065712 -0.46293237 -0.17938531 -0.10076011 -0.22251028
  -0.31764676  0.17395572 -0.17220173 -0.29758149  0.26315243  0.5703677
   0.          0.          0.          0.          0.          0.
   0.          0.        ]
 [ 0.33970503  0.18170597  0.3146302  -0.17761348 -0.27025125  0.32219267
  -0.24197312  0.08543018  0.25426591 -0.26300328  0.08132958  0.19656999
   0.54706071  0.          0.          0.          0.          0.
   0.          0.        ]
 [ 0.42467384 -0.31892556  0.19027652 -0.04524379  0.19720996 -0.36579445
   0.0624382  -0.15873591  0.23576767  0.11352879 -0.17452082 -0.24513174
  -0.1518227   0.54389438  0.          0.          0.          0.
   0.          0.        ]
 [ 0.20556125  0.46956085 -0.10339377 -0.25234771  0.04410415  0.15482498
  -0.20867495 -0.29165004  0.10250077 -0.11007444  0.25678867 -0.25500998
   0.26012692  0.18959652  0.50115911  0.          0.          0.
   0.          0.        ]
 [-0.22884652  0.45718669 -0.31520831 -0.10796556 -0.25349922 -0.13105041
  -0.12660604 -0.34840114 -0.09834699  0.11039954  0.27086263 -0.12941598
   0.17982682 -0.03617284 -0.19973831  0.47247376  0.          0.
   0.          0.        ]
 [-0.39991244 -0.38691646  0.09371846 -0.33563436 -0.15155171  0.07769739
   0.2998682  -0.19802834 -0.28065473 -0.20717647  0.07109053  0.22278481
   0.17693454 -0.20086769  0.09867187  0.06289039  0.38609592  0.
   0.          0.        ]
 [ 0.42750203 -0.42818173 -0.26377123 -0.02566647 -0.25029887 -0.21273467
   0.20557554 -0.22238259  0.20122355 -0.12961237 -0.24227325 -0.01394248
  -0.16522752 -0.17320735  0.17790696 -0.13787045 -0.03317802  0.37256633
   0.          0.        ]
 [-0.25894185 -0.41244871 -0.18766158  0.33968946 -0.309399    0.24488691
   0.09100874  0.21528858  0.00961438  0.1594166  -0.12092853  0.21871857
   0.21639941  0.01552825 -0.11804044  0.19121974 -0.10432581  0.19835498
   0.40759752  0.        ]
 [-0.08418626 -0.35644755 -0.14896809  0.2909383  -0.13516465 -0.37641144
  -0.12038857 -0.29877932  0.01759181  0.11155598  0.12144223  0.18839707
  -0.10637072  0.22565394  0.24958316  0.225326   -0.19952281  0.12060651
  -0.17249698  0.41581165]],
NSM =
0.06768297843828135