Lattice =
[[ 1.          0.          0.          0.          0.          0.
   0.          0.          0.          0.          0.          0.
   0.        ]
 [-0.42867177  0.9034603   0.          0.          0.          0.
   0.          0.          0.          0.          0.          0.
   0.        ]
 [-0.06349312 -0.36453418  0.92902285  0.          0.          0.
   0.          0.          0.          0.          0.          0.
   0.        ]
 [ 0.43620183 -0.07247173 -0.43749294  0.78299153  0.          0.
   0.          0.          0.          0.          0.          0.
   0.        ]
 [ 0.46254044 -0.2729584  -0.05263575  0.28021004  0.79389034  0.
   0.          0.          0.          0.          0.          0.
   0.        ]
 [ 0.40827358 -0.26685184  0.00475557 -0.35783399 -0.26197478  0.75193365
   0.          0.          0.          0.          0.          0.
   0.        ]
 [-0.2717649   0.38689836 -0.43879932 -0.23528602 -0.19962602 -0.34078075
   0.61038273  0.          0.          0.          0.          0.
   0.        ]
 [-0.38981415 -0.20857091 -0.45122711 -0.33394826  0.13521444  0.1489221
  -0.27183143  0.61242363  0.          0.          0.          0.
   0.        ]
 [-0.34351854  0.1061698   0.39498284 -0.14007721  0.33267672 -0.35396334
   0.05729621  0.2788152   0.61490267  0.          0.          0.
   0.        ]
 [ 0.42160416 -0.27809733  0.44568688 -0.09383628 -0.30258739  0.2839965
   0.16928693 -0.04997758  0.26751138  0.51238507  0.          0.
   0.        ]
 [-0.12887801 -0.1476357  -0.15343071 -0.4104314   0.29381468 -0.19212611
   0.28107094  0.05594437 -0.24519291  0.21125529  0.67785008  0.
   0.        ]
 [-0.17213816 -0.30230647 -0.41622755 -0.29548963 -0.32302494  0.1978738
   0.26531232 -0.2664644  -0.21724149 -0.15704158  0.24359963  0.44981106
   0.        ]
 [ 0.50134778  0.27655978 -0.29343676  0.18358434  0.32927218  0.05610486
  -0.050485    0.01510879  0.28208146  0.08716222  0.29617896 -0.21064026
   0.46771071]],
NSM =
0.06985525756636787