Lattice =
[[ 1.          0.          0.          0.          0.          0.
   0.          0.          0.          0.          0.          0.
   0.          0.          0.          0.          0.          0.
   0.          0.          0.          0.          0.          0.
   0.          0.          0.          0.          0.          0.        ]
 [ 0.17314725  0.98489595  0.          0.          0.          0.
   0.          0.          0.          0.          0.          0.
   0.          0.          0.          0.          0.          0.
   0.          0.          0.          0.          0.          0.
   0.          0.          0.          0.          0.          0.        ]
 [-0.18630246 -0.4421959   0.87735636  0.          0.          0.
   0.          0.          0.          0.          0.          0.
   0.          0.          0.          0.          0.          0.
   0.          0.          0.          0.          0.          0.
   0.          0.          0.          0.          0.          0.        ]
 [ 0.28592871 -0.24792427  0.3260646   0.86629106  0.          0.
   0.          0.          0.          0.          0.          0.
   0.          0.          0.          0.          0.          0.
   0.          0.          0.          0.          0.          0.
   0.          0.          0.          0.          0.          0.        ]
 [-0.15220248  0.39436028  0.10866365  0.37777825  0.81657221  0.
   0.          0.          0.          0.          0.          0.
   0.          0.          0.          0.          0.          0.
   0.          0.          0.          0.          0.          0.
   0.          0.          0.          0.          0.          0.        ]
 [-0.22906627 -0.40291123 -0.02194635  0.28263374 -0.12300669  0.83048002
   0.          0.          0.          0.          0.          0.
   0.          0.          0.          0.          0.          0.
   0.          0.          0.          0.          0.          0.
   0.          0.          0.          0.          0.          0.        ]
 [ 0.03080835 -0.27566095  0.31561396 -0.15229627  0.25677328  0.35362317
   0.78055986  0.          0.          0.          0.          0.
   0.          0.          0.          0.          0.          0.
   0.          0.          0.          0.          0.          0.
   0.          0.          0.          0.          0.          0.        ]
 [ 0.17710183  0.29370414 -0.35883077 -0.18707327 -0.05547772  0.24019613
   0.31870078  0.74583828  0.          0.          0.          0.
   0.          0.          0.          0.          0.          0.
   0.          0.          0.          0.          0.          0.
   0.          0.          0.          0.          0.          0.        ]
 [ 0.37978827 -0.13943363  0.20324661  0.12386826 -0.01375552  0.34212277
   0.34018869  0.26303776  0.69102257  0.          0.          0.
   0.          0.          0.          0.          0.          0.
   0.          0.          0.          0.          0.          0.
   0.          0.          0.          0.          0.          0.        ]
 [ 0.20372957  0.33667538 -0.20858999 -0.22038228 -0.31352322  0.28696735
  -0.17715129  0.2066499   0.01443355  0.70577876  0.          0.
   0.          0.          0.          0.          0.          0.
   0.          0.          0.          0.          0.          0.
   0.          0.          0.          0.          0.          0.        ]
 [ 0.30170343 -0.33802773 -0.0472035   0.20046119  0.03474304 -0.08766188
  -0.31150499 -0.07774466  0.05828989 -0.19801499  0.77312387  0.
   0.          0.          0.          0.          0.          0.
   0.          0.          0.          0.          0.          0.
   0.          0.          0.          0.          0.          0.        ]
 [-0.16066342  0.23203272 -0.04817549  0.2894168   0.0632945  -0.36770046
  -0.02461995 -0.16385808 -0.16795696 -0.24700307 -0.33260794  0.68392367
   0.          0.          0.          0.          0.          0.
   0.          0.          0.          0.          0.          0.
   0.          0.          0.          0.          0.          0.        ]
 [-0.23055256  0.13688137 -0.34302063 -0.12863784  0.17815988  0.10080202
   0.14303487  0.33114307  0.22540164  0.08545512  0.13740975  0.09648914
   0.73183427  0.          0.          0.          0.          0.
   0.          0.          0.          0.          0.          0.
   0.          0.          0.          0.          0.          0.        ]
 [-0.28039093 -0.22130218  0.24032362 -0.30857069 -0.31504844  0.04702946
  -0.31112795 -0.0919555   0.08489745 -0.26078631  0.26279012 -0.04936645
   0.21301415  0.56623622  0.          0.          0.          0.
   0.          0.          0.          0.          0.          0.
   0.          0.          0.          0.          0.          0.        ]
 [ 0.2518109  -0.37307091 -0.33036146 -0.10970794 -0.05738285 -0.27232392
   0.28400035 -0.16119457 -0.19775811 -0.20474929  0.26961487  0.23606244
   0.04521347 -0.24522164  0.46959103  0.          0.          0.
   0.          0.          0.          0.          0.          0.
   0.          0.          0.          0.          0.          0.        ]
 [-0.18402866  0.12055017  0.33638419  0.21333903  0.08435027 -0.11621033
  -0.21999541  0.27881646  0.27710352 -0.21833743  0.27040106  0.22399019
  -0.20247285  0.10750954  0.13097094  0.57334454  0.          0.
   0.          0.          0.          0.          0.          0.
   0.          0.          0.          0.          0.          0.        ]
 [ 0.35210996 -0.23835945  0.06570539 -0.18876485 -0.07774141 -0.32561735
  -0.26828044 -0.23459445  0.12025923 -0.17528785  0.24746389 -0.17654882
  -0.10303603  0.11843984  0.17650988 -0.23562453  0.53968472  0.
   0.          0.          0.          0.          0.          0.
   0.          0.          0.          0.          0.          0.        ]
 [-0.2942345  -0.26242674  0.07577278 -0.31768987 -0.17856994  0.31982676
   0.32032589  0.08599531 -0.10021389  0.24461468  0.09783121  0.22653594
  -0.1862981   0.09330439  0.13852745  0.21205816 -0.22647615  0.45175032
   0.          0.          0.          0.          0.          0.
   0.          0.          0.          0.          0.          0.        ]
 [ 0.41069448 -0.2276977   0.04258113  0.2476444  -0.09942706 -0.14379985
  -0.3203166  -0.30251815  0.06998136  0.14191695 -0.15587877  0.14711274
  -0.08898092  0.33459802  0.26717048 -0.06267642  0.14534087  0.22283673
   0.39334289  0.          0.          0.          0.          0.
   0.          0.          0.          0.          0.          0.        ]
 [-0.11786417 -0.10419115  0.0616903   0.29740554  0.35026273 -0.33357282
   0.19721662 -0.05045214  0.06064996  0.20187649 -0.28575087 -0.21206915
   0.31657565  0.18806862 -0.02337573  0.29786532  0.06050125 -0.22599008
  -0.02991204  0.39503884  0.          0.          0.          0.
   0.          0.          0.          0.          0.          0.        ]
 [ 0.16926712 -0.34878383  0.23173045 -0.31664058 -0.08381427  0.31867982
  -0.27054247  0.25317813  0.18725299  0.06384777 -0.04625977 -0.15275526
  -0.15085666 -0.21206487  0.18163122  0.22858287  0.15695638  0.13376402
  -0.0302587  -0.0379894   0.43288988  0.          0.          0.
   0.          0.          0.          0.          0.          0.        ]
 [ 0.05534258 -0.05034364 -0.34804722  0.26228676  0.28632755  0.36719815
   0.08597899 -0.11585459  0.10503215  0.27437385 -0.20807501  0.12083322
   0.10644737 -0.28044039  0.20044983  0.18668358 -0.08675968  0.15119455
   0.02141807  0.13263915 -0.22289164  0.3993769   0.          0.
   0.          0.          0.          0.          0.          0.        ]
 [-0.04046084  0.37457393  0.30574362 -0.20293499 -0.00608476  0.21364006
   0.32355195 -0.16877086 -0.19075145  0.25301185  0.22895825 -0.02805016
   0.19151571  0.20334087 -0.16595889 -0.20458483  0.21950598 -0.13191155
  -0.07953392 -0.02132811  0.10544918  0.13036265  0.37820108  0.
   0.          0.          0.          0.          0.          0.        ]
 [-0.34462945  0.26874126  0.33936131 -0.22057097 -0.27930135 -0.2984582
   0.21201426  0.01037462  0.08916812 -0.01553514  0.27963108  0.07848076
  -0.24870572 -0.11901778  0.06682236 -0.2338494  -0.13395349  0.10746005
   0.14093404 -0.08638709  0.11040475  0.03543783 -0.00741124  0.36744374
   0.          0.          0.          0.          0.          0.        ]
 [-0.31464638  0.00548338 -0.23442765 -0.31131477  0.33870297  0.24988614
  -0.18858904  0.24553794 -0.00849472  0.09964305 -0.33680619 -0.1002129
  -0.1815192   0.2440658   0.07342546 -0.13370323  0.01247365 -0.01128976
   0.08517524 -0.02227681 -0.21333792 -0.16694498 -0.13062237 -0.16550578
   0.31770674  0.          0.          0.          0.          0.        ]
 [ 0.17202267  0.20284862 -0.22320002 -0.36986181  0.38476955  0.03014555
  -0.18529193 -0.156403   -0.21213252  0.20778581 -0.05183474 -0.17720049
   0.28183092  0.29504311  0.09195748 -0.11176611 -0.05258969 -0.03250813
   0.13008249  0.18136623 -0.02786921 -0.04080325  0.1627348   0.07094571
  -0.15942092  0.33495398  0.          0.          0.          0.        ]
 [ 0.34173925 -0.09901897  0.30632299 -0.37085452 -0.19473709 -0.06120223
   0.0732348  -0.26664524 -0.19832314  0.11202478  0.09919689 -0.11241706
   0.32645312 -0.21506312 -0.1717144   0.21132153 -0.00660232  0.19730241
   0.14548231  0.16371533  0.09062693 -0.02865488 -0.14270787 -0.04835888
   0.09294241  0.07402847  0.29964838  0.          0.          0.        ]
 [ 0.22214795 -0.37563933  0.00926887 -0.36933929 -0.02453857 -0.05409127
  -0.20193486 -0.0862523  -0.15898309  0.10831102 -0.35273435 -0.21680499
  -0.32171353  0.03727485 -0.08582214  0.13673395 -0.02210675 -0.04050344
   0.16720755 -0.18079757  0.21762111 -0.17242147  0.0126507  -0.08587235
  -0.12885991  0.00688938 -0.07371431  0.33531424  0.          0.        ]
 [-0.40224296 -0.40793732 -0.06022428  0.26842179  0.22084119  0.26754901
  -0.18044863  0.18857336  0.00368359 -0.05833469  0.31963284 -0.03472759
  -0.11991812  0.12853353  0.1433655   0.03811962  0.18396622 -0.13942473
  -0.09968994 -0.03139782 -0.12664667  0.06244018  0.17106374 -0.05876674
   0.04640833 -0.13699185  0.03644038 -0.15226542  0.29265263  0.        ]
 [-0.01624164 -0.41654881  0.10421436  0.23328521 -0.20457891 -0.27984526
  -0.02377079 -0.36988211  0.1534736   0.13339117 -0.04852568  0.2262962
   0.05440248  0.22065789  0.08163803 -0.29550555 -0.20062454  0.06876791
   0.13417713 -0.05359486 -0.1803597  -0.02115863 -0.02323628  0.17318223
  -0.11842898  0.06396845 -0.1530044  -0.07328904  0.06277528  0.28747669]],
NSM =
0.06567899570926769