Lattice =
[[ 1.          0.          0.          0.          0.          0.
   0.          0.          0.          0.          0.          0.
   0.          0.        ]
 [-0.42780877  0.90386927  0.          0.          0.          0.
   0.          0.          0.          0.          0.          0.
   0.          0.        ]
 [-0.45913026 -0.3285647   0.82537546  0.          0.          0.
   0.          0.          0.          0.          0.          0.
   0.          0.        ]
 [-0.46267948  0.35393859 -0.08163773  0.80869676  0.          0.
   0.          0.          0.          0.          0.          0.
   0.          0.        ]
 [ 0.44342403 -0.37739618  0.09182929 -0.20682485  0.78085729  0.
   0.          0.          0.          0.          0.          0.
   0.          0.        ]
 [ 0.44402089  0.22114107  0.19400112 -0.3287342   0.25250993  0.73788766
   0.          0.          0.          0.          0.          0.
   0.          0.        ]
 [ 0.39649859  0.19875199  0.37875202  0.24052514 -0.1577471   0.29839635
   0.69861044  0.          0.          0.          0.          0.
   0.          0.        ]
 [ 0.44164442 -0.30647435  0.2309995  -0.09387889  0.11290258  0.20961192
   0.31429957  0.70241106  0.          0.          0.          0.
   0.          0.        ]
 [-0.40194894  0.31185839  0.34697905 -0.32584447  0.25871251  0.06495741
   0.08385572 -0.21637769  0.62418715  0.          0.          0.
   0.          0.        ]
 [-0.46468491  0.34929248 -0.13593931  0.18345811 -0.13369594  0.3493612
   0.0882705  -0.32441017  0.2457143   0.54460014  0.          0.
   0.          0.        ]
 [-0.21395652  0.34402636 -0.12345739 -0.37407482  0.27139165  0.21701605
   0.32783611 -0.34935322  0.14536419 -0.07821423  0.55061146  0.
   0.          0.        ]
 [ 0.44752587 -0.21851508 -0.18783593 -0.189548    0.19296855 -0.36091639
   0.17254929  0.2841475   0.19260248  0.16396499 -0.13434282  0.5663234
   0.          0.        ]
 [ 0.41986681  0.36356528 -0.22793138 -0.34146041 -0.24946636  0.26781433
   0.06797399  0.21181205  0.16865892  0.15392851 -0.15329595 -0.1721077
   0.48402573  0.        ]
 [ 0.36583524  0.24543379  0.29344773  0.27825458  0.35726938 -0.13813974
   0.19476888  0.301675   -0.1655506  -0.13760016  0.09527319  0.19758453
   0.25591082  0.45472535]],
NSM =
0.06940163394242453