Lattice =
[[ 1.          0.          0.          0.          0.          0.
   0.          0.          0.          0.          0.          0.
   0.          0.          0.          0.        ]
 [ 0.31658514  0.9485641   0.          0.          0.          0.
   0.          0.          0.          0.          0.          0.
   0.          0.          0.          0.        ]
 [-0.33514389  0.42749412  0.83959952  0.          0.          0.
   0.          0.          0.          0.          0.          0.
   0.          0.          0.          0.        ]
 [ 0.36824597 -0.38935162 -0.2437712   0.80831666  0.          0.
   0.          0.          0.          0.          0.          0.
   0.          0.          0.          0.        ]
 [-0.40921596  0.39803055 -0.30940004 -0.32726769  0.68649942  0.
   0.          0.          0.          0.          0.          0.
   0.          0.          0.          0.        ]
 [ 0.23055725  0.39397027  0.38326975 -0.19358352  0.24528917  0.73965784
   0.          0.          0.          0.          0.          0.
   0.          0.          0.          0.        ]
 [-0.23428103  0.0630548   0.20035356  0.44288759 -0.10779972  0.20629991
   0.80663814  0.          0.          0.          0.          0.
   0.          0.          0.          0.        ]
 [-0.38670247 -0.40861705  0.07559939 -0.30685514  0.24808938  0.17382917
   0.31557996  0.62630849  0.          0.          0.          0.
   0.          0.          0.          0.        ]
 [-0.41246127 -0.38235109 -0.21751653  0.26035597  0.16235242 -0.20146514
   0.32686978  0.26929556  0.567692    0.          0.          0.
   0.          0.          0.          0.        ]
 [-0.08476293 -0.4322494   0.2972065  -0.35594148 -0.3162043   0.09687615
  -0.03042773  0.22652641 -0.167635    0.63343347  0.          0.
   0.          0.          0.          0.        ]
 [-0.39519185 -0.07509975  0.33656363 -0.03697634  0.33328466 -0.27659837
  -0.32067547 -0.13055825 -0.18533371  0.21960025  0.57749867  0.
   0.          0.          0.          0.        ]
 [ 0.41388437  0.2835192   0.20666438  0.18661728  0.33383369 -0.19351532
   0.27116097 -0.14668056  0.27180652 -0.06815207 -0.23658605  0.54069159
   0.          0.          0.          0.        ]
 [ 0.14253456  0.43247317  0.36744205  0.279093    0.16037652  0.12739937
  -0.34979628 -0.06123924  0.20081145  0.12345056 -0.18057643 -0.26934547
   0.50096435  0.          0.          0.        ]
 [-0.34916521  0.10962463 -0.3787084   0.14517572 -0.26766736 -0.12302333
   0.33190704 -0.00703517 -0.25285452  0.29808435 -0.28256933  0.13627004
   0.16465093  0.47567126  0.          0.        ]
 [ 0.06689604  0.46335208 -0.34151762 -0.34689776 -0.01066392 -0.29074194
   0.18710909 -0.07461381  0.02561352  0.29926993  0.18779335 -0.18048842
   0.16691185 -0.10124111  0.47166251  0.        ]
 [-0.45191222 -0.37290765  0.09306862 -0.00137464 -0.25301412  0.22185274
   0.02410059  0.23395596  0.06870707 -0.26395412  0.24289717  0.24702897
   0.17577616  0.22518652  0.1144404   0.43632894]],
NSM =
0.06892969066021998