Lattice =
[[ 1.          0.          0.          0.          0.          0.
   0.        ]
 [ 0.33703968  0.94149044  0.          0.          0.          0.
   0.        ]
 [-0.33107158  0.46445615  0.82138426  0.          0.          0.
   0.        ]
 [ 0.34211605  0.23653022 -0.40289522  0.81528247  0.          0.
   0.        ]
 [-0.33230947 -0.23205225 -0.40206522  0.40533131  0.71398337  0.
   0.        ]
 [ 0.32254831 -0.4734706  -0.00770277 -0.40389019 -0.24265688  0.67061106
   0.        ]
 [ 0.33452453 -0.46984671  0.00174973  0.40738285  0.23446104  0.33311392
   0.57916897]],
NSM =
0.07319190204486983