Lattice =
[[ 1.          0.          0.          0.          0.          0.
   0.          0.          0.          0.          0.          0.
   0.          0.          0.          0.          0.          0.        ]
 [-0.32472115  0.9458098   0.          0.          0.          0.
   0.          0.          0.          0.          0.          0.
   0.          0.          0.          0.          0.          0.        ]
 [-0.4331636   0.36332734  0.82484092  0.          0.          0.
   0.          0.          0.          0.          0.          0.
   0.          0.          0.          0.          0.          0.        ]
 [-0.35065347 -0.12430076 -0.32013902  0.87126487  0.          0.
   0.          0.          0.          0.          0.          0.
   0.          0.          0.          0.          0.          0.        ]
 [ 0.39913055 -0.38224094 -0.09719392 -0.37598063  0.73741344  0.
   0.          0.          0.          0.          0.          0.
   0.          0.          0.          0.          0.          0.        ]
 [ 0.41665366  0.29146221 -0.28233438  0.37075702 -0.22533331  0.68811405
   0.          0.          0.          0.          0.          0.
   0.          0.          0.          0.          0.          0.        ]
 [ 0.30405354  0.32545406  0.36682491  0.23667141  0.1607219  -0.34170523
   0.68444374  0.          0.          0.          0.          0.
   0.          0.          0.          0.          0.          0.        ]
 [-0.38086555 -0.24323828  0.09357066  0.18516226 -0.30835373 -0.2620727
  -0.02099974  0.76715769  0.          0.          0.          0.
   0.          0.          0.          0.          0.          0.        ]
 [ 0.25808024 -0.36507843 -0.33402813  0.33773773 -0.0720667   0.05998099
  -0.26482469  0.28816518  0.64226797  0.          0.          0.
   0.          0.          0.          0.          0.          0.        ]
 [-0.43959117  0.24697956 -0.36470506  0.08901029 -0.11725127 -0.11577784
   0.15780847 -0.2068109  -0.26469398  0.66327865  0.          0.
   0.          0.          0.          0.          0.          0.        ]
 [-0.32575751  0.26744529 -0.09925756 -0.34613895  0.1974973  -0.08487465
   0.23355053  0.24353588 -0.36025309  0.1408987   0.61886318  0.
   0.          0.          0.          0.          0.          0.        ]
 [ 0.34036207  0.10164672  0.09805759  0.147972   -0.30041242  0.31316149
   0.28012511  0.28036735  0.13908928 -0.31373261  0.28275328  0.54698587
   0.          0.          0.          0.          0.          0.        ]
 [-0.30155935  0.00655483  0.38743503 -0.31366089  0.29390081  0.26501891
   0.09563703 -0.26868247 -0.27405823 -0.16074549 -0.01023128 -0.23983316
   0.51381793  0.          0.          0.          0.          0.        ]
 [ 0.18211812  0.28611463  0.31319727 -0.18444201  0.2597629   0.0519091
  -0.2697993  -0.14599039 -0.30036688 -0.30832286  0.3139787  -0.07111092
  -0.16603187  0.5216269   0.          0.          0.          0.        ]
 [ 0.34570975 -0.282932   -0.09678965  0.23100913 -0.26523185  0.30702233
  -0.28690142 -0.19166317 -0.23393665  0.23662423 -0.28132166  0.13383398
   0.18095706  0.15989567  0.43354363  0.          0.          0.        ]
 [-0.37566241  0.34708084  0.05095055 -0.14167632  0.08200485  0.21046311
  -0.26831458  0.31168634 -0.14277973 -0.29990401  0.20843344  0.1984046
  -0.15463558 -0.16173528 -0.2080035   0.45728616  0.          0.        ]
 [ 0.24376859 -0.239447   -0.23515691 -0.15581254 -0.30589156  0.18314333
  -0.2932349  -0.31985687 -0.16974995 -0.2856905  -0.18269829 -0.210919
   0.11690384 -0.17272102 -0.19274516 -0.21350286  0.41680525  0.        ]
 [ 0.33338912  0.41320674 -0.15841567 -0.24533559  0.01100458 -0.22344185
  -0.27946804 -0.18521042  0.30375172  0.28293874 -0.25667922  0.02277218
   0.11765554  0.10342875 -0.0395038   0.14392444  0.11271348  0.4148885 ]],
NSM =
0.06820981469587448