Lattice =
[[ 1.00000000e+00  0.00000000e+00  0.00000000e+00  0.00000000e+00
   0.00000000e+00  0.00000000e+00  0.00000000e+00  0.00000000e+00
   0.00000000e+00  0.00000000e+00  0.00000000e+00  0.00000000e+00
   0.00000000e+00  0.00000000e+00  0.00000000e+00  0.00000000e+00
   0.00000000e+00  0.00000000e+00  0.00000000e+00  0.00000000e+00
   0.00000000e+00  0.00000000e+00  0.00000000e+00  0.00000000e+00
   0.00000000e+00  0.00000000e+00  0.00000000e+00]
 [-4.89589555e-01  8.71953019e-01  0.00000000e+00  0.00000000e+00
   0.00000000e+00  0.00000000e+00  0.00000000e+00  0.00000000e+00
   0.00000000e+00  0.00000000e+00  0.00000000e+00  0.00000000e+00
   0.00000000e+00  0.00000000e+00  0.00000000e+00  0.00000000e+00
   0.00000000e+00  0.00000000e+00  0.00000000e+00  0.00000000e+00
   0.00000000e+00  0.00000000e+00  0.00000000e+00  0.00000000e+00
   0.00000000e+00  0.00000000e+00  0.00000000e+00]
 [-2.68146947e-01  2.93239521e-01  9.17664317e-01  0.00000000e+00
   0.00000000e+00  0.00000000e+00  0.00000000e+00  0.00000000e+00
   0.00000000e+00  0.00000000e+00  0.00000000e+00  0.00000000e+00
   0.00000000e+00  0.00000000e+00  0.00000000e+00  0.00000000e+00
   0.00000000e+00  0.00000000e+00  0.00000000e+00  0.00000000e+00
   0.00000000e+00  0.00000000e+00  0.00000000e+00  0.00000000e+00
   0.00000000e+00  0.00000000e+00  0.00000000e+00]
 [-4.39635357e-01  3.16436856e-01  3.08968761e-01  7.81745978e-01
   0.00000000e+00  0.00000000e+00  0.00000000e+00  0.00000000e+00
   0.00000000e+00  0.00000000e+00  0.00000000e+00  0.00000000e+00
   0.00000000e+00  0.00000000e+00  0.00000000e+00  0.00000000e+00
   0.00000000e+00  0.00000000e+00  0.00000000e+00  0.00000000e+00
   0.00000000e+00  0.00000000e+00  0.00000000e+00  0.00000000e+00
   0.00000000e+00  0.00000000e+00  0.00000000e+00]
 [ 2.58780775e-01 -1.50692201e-02 -4.07275079e-01 -3.58084007e-01
   7.99192269e-01  0.00000000e+00  0.00000000e+00  0.00000000e+00
   0.00000000e+00  0.00000000e+00  0.00000000e+00  0.00000000e+00
   0.00000000e+00  0.00000000e+00  0.00000000e+00  0.00000000e+00
   0.00000000e+00  0.00000000e+00  0.00000000e+00  0.00000000e+00
   0.00000000e+00  0.00000000e+00  0.00000000e+00  0.00000000e+00
   0.00000000e+00  0.00000000e+00  0.00000000e+00]
 [-1.03738176e-01 -1.15232822e-01  3.35870489e-01  2.91454999e-01
  -2.93726290e-02  8.81670026e-01  0.00000000e+00  0.00000000e+00
   0.00000000e+00  0.00000000e+00  0.00000000e+00  0.00000000e+00
   0.00000000e+00  0.00000000e+00  0.00000000e+00  0.00000000e+00
   0.00000000e+00  0.00000000e+00  0.00000000e+00  0.00000000e+00
   0.00000000e+00  0.00000000e+00  0.00000000e+00  0.00000000e+00
   0.00000000e+00  0.00000000e+00  0.00000000e+00]
 [-2.07518027e-01 -1.01916438e-01 -2.51813851e-01  1.05721949e-01
  -1.36001901e-01 -3.95582644e-01  8.34853171e-01  0.00000000e+00
   0.00000000e+00  0.00000000e+00  0.00000000e+00  0.00000000e+00
   0.00000000e+00  0.00000000e+00  0.00000000e+00  0.00000000e+00
   0.00000000e+00  0.00000000e+00  0.00000000e+00  0.00000000e+00
   0.00000000e+00  0.00000000e+00  0.00000000e+00  0.00000000e+00
   0.00000000e+00  0.00000000e+00  0.00000000e+00]
 [ 1.45252359e-01  1.62696976e-02 -1.38683798e-01 -1.78189469e-01
   3.84802985e-01  4.10269860e-01 -1.63445849e-01  7.64554201e-01
   0.00000000e+00  0.00000000e+00  0.00000000e+00  0.00000000e+00
   0.00000000e+00  0.00000000e+00  0.00000000e+00  0.00000000e+00
   0.00000000e+00  0.00000000e+00  0.00000000e+00  0.00000000e+00
   0.00000000e+00  0.00000000e+00  0.00000000e+00  0.00000000e+00
   0.00000000e+00  0.00000000e+00  0.00000000e+00]
 [-1.09928580e-01 -2.94473490e-01  5.77671622e-02 -6.29067930e-03
  -3.69794470e-01 -3.68087364e-01  1.60265938e-02 -1.56503704e-02
   7.90624064e-01  0.00000000e+00  0.00000000e+00  0.00000000e+00
   0.00000000e+00  0.00000000e+00  0.00000000e+00  0.00000000e+00
   0.00000000e+00  0.00000000e+00  0.00000000e+00  0.00000000e+00
   0.00000000e+00  0.00000000e+00  0.00000000e+00  0.00000000e+00
   0.00000000e+00  0.00000000e+00  0.00000000e+00]
 [-8.41301416e-02  1.13141157e-01 -1.94430413e-01 -3.15130269e-01
   1.54367875e-01 -2.49570773e-01 -2.73239121e-01 -2.40151639e-01
   2.98375358e-01  7.31803002e-01  0.00000000e+00  0.00000000e+00
   0.00000000e+00  0.00000000e+00  0.00000000e+00  0.00000000e+00
   0.00000000e+00  0.00000000e+00  0.00000000e+00  0.00000000e+00
   0.00000000e+00  0.00000000e+00  0.00000000e+00  0.00000000e+00
   0.00000000e+00  0.00000000e+00  0.00000000e+00]
 [ 3.47635742e-01  2.09009818e-01  1.57265980e-01  3.07441984e-01
   1.45039226e-01  1.82350093e-01 -3.41411505e-01 -1.86624527e-01
  -2.41383378e-01  2.36338026e-01  6.29611836e-01  0.00000000e+00
   0.00000000e+00  0.00000000e+00  0.00000000e+00  0.00000000e+00
   0.00000000e+00  0.00000000e+00  0.00000000e+00  0.00000000e+00
   0.00000000e+00  0.00000000e+00  0.00000000e+00  0.00000000e+00
   0.00000000e+00  0.00000000e+00  0.00000000e+00]
 [-2.96654180e-01  3.45849196e-01  3.77522337e-01  1.73023807e-02
  -1.06885515e-01 -3.10857472e-01  2.12015291e-01 -2.60330372e-01
   1.68615906e-01  2.00702816e-01  1.37139799e-01  5.84176864e-01
   0.00000000e+00  0.00000000e+00  0.00000000e+00  0.00000000e+00
   0.00000000e+00  0.00000000e+00  0.00000000e+00  0.00000000e+00
   0.00000000e+00  0.00000000e+00  0.00000000e+00  0.00000000e+00
   0.00000000e+00  0.00000000e+00  0.00000000e+00]
 [ 4.24076331e-01 -3.34511108e-01  7.72910460e-02 -1.26178178e-01
  -9.85936291e-02  3.81048322e-03  2.61870437e-01 -8.11478763e-02
  -3.18148717e-01  3.38048923e-01  1.13947546e-01 -2.42876568e-01
   5.60358517e-01  0.00000000e+00  0.00000000e+00  0.00000000e+00
   0.00000000e+00  0.00000000e+00  0.00000000e+00  0.00000000e+00
   0.00000000e+00  0.00000000e+00  0.00000000e+00  0.00000000e+00
   0.00000000e+00  0.00000000e+00  0.00000000e+00]
 [ 3.66280089e-01 -1.78905221e-01  3.08035188e-01 -9.83691588e-02
  -2.80577866e-01  3.50864966e-01 -7.82785463e-02  1.80918796e-01
  -1.68745302e-01  1.97914022e-01 -6.78121970e-03  2.27121454e-01
   2.09721971e-01  5.70370023e-01  0.00000000e+00  0.00000000e+00
   0.00000000e+00  0.00000000e+00  0.00000000e+00  0.00000000e+00
   0.00000000e+00  0.00000000e+00  0.00000000e+00  0.00000000e+00
   0.00000000e+00  0.00000000e+00  0.00000000e+00]
 [ 3.72093123e-01 -1.57442261e-01 -2.68964695e-02 -2.44221601e-01
  -3.73842175e-01 -2.67662907e-02 -8.23319002e-02 -1.12834051e-01
   9.04828757e-02  2.02118155e-01 -1.48857681e-01 -2.02815437e-01
   1.24772351e-01 -2.46151081e-01  6.54153236e-01  0.00000000e+00
   0.00000000e+00  0.00000000e+00  0.00000000e+00  0.00000000e+00
   0.00000000e+00  0.00000000e+00  0.00000000e+00  0.00000000e+00
   0.00000000e+00  0.00000000e+00  0.00000000e+00]
 [-3.95719182e-01  1.21722342e-01 -1.16500508e-01  1.25038603e-01
   2.05768269e-01  3.59605231e-01 -3.70973622e-01 -2.89158840e-01
   2.56434361e-01 -4.34180981e-02 -1.37890451e-01 -9.90208208e-02
  -6.18107022e-02 -1.13267849e-01 -1.86435786e-01  5.08548062e-01
   0.00000000e+00  0.00000000e+00  0.00000000e+00  0.00000000e+00
   0.00000000e+00  0.00000000e+00  0.00000000e+00  0.00000000e+00
   0.00000000e+00  0.00000000e+00  0.00000000e+00]
 [-1.76290238e-01 -7.45788339e-02  2.86799727e-01  3.21988681e-01
   3.19496035e-01 -2.12869227e-01 -3.13385846e-02 -1.75611394e-01
  -1.98603318e-01 -2.27157719e-01 -2.70819933e-01 -4.06162269e-02
  -1.05033546e-01 -7.66801633e-02 -2.83063089e-01 -2.83031777e-01
   5.05010742e-01  0.00000000e+00  0.00000000e+00  0.00000000e+00
   0.00000000e+00  0.00000000e+00  0.00000000e+00  0.00000000e+00
   0.00000000e+00  0.00000000e+00  0.00000000e+00]
 [ 8.35123391e-02  3.85544534e-01 -1.09847138e-01  8.84296547e-02
  -2.06762364e-01  3.66813136e-02  4.26027016e-01  2.73639306e-01
   5.40759579e-02 -1.74332193e-01 -7.24941790e-03  1.70125699e-01
  -2.57817038e-01 -1.67331621e-01  9.63737545e-02  2.44673313e-01
   1.72305678e-01  5.18071730e-01  0.00000000e+00  0.00000000e+00
   0.00000000e+00  0.00000000e+00  0.00000000e+00  0.00000000e+00
   0.00000000e+00  0.00000000e+00  0.00000000e+00]
 [-4.99875694e-02 -2.32057590e-01  2.57351641e-01 -1.40674306e-01
  -1.41861168e-01  2.91679867e-01 -3.10810028e-01 -3.08598084e-01
   1.78061175e-01  2.65115732e-01 -2.09409631e-01 -1.58290367e-01
  -1.70734424e-01 -7.13231088e-02 -1.81059545e-01  2.41824071e-01
  -2.35422248e-01 -1.15214093e-01  4.42150478e-01  0.00000000e+00
   0.00000000e+00  0.00000000e+00  0.00000000e+00  0.00000000e+00
   0.00000000e+00  0.00000000e+00  0.00000000e+00]
 [ 1.26531195e-01 -3.35444731e-01 -3.65142923e-01 -3.05906379e-01
   2.27198051e-01  1.39335862e-02  3.67357774e-01 -3.00198442e-01
   1.67310895e-01  4.76340075e-02  1.00768327e-01  9.58454737e-03
   9.80766154e-02  1.04888507e-01  2.00470663e-01 -2.16664274e-01
  -2.00865279e-01 -1.69338208e-01  1.04170343e-01  3.73551022e-01
   0.00000000e+00  0.00000000e+00  0.00000000e+00  0.00000000e+00
   0.00000000e+00  0.00000000e+00  0.00000000e+00]
 [ 1.40024746e-01 -1.42999337e-01 -3.76691314e-01  2.45787025e-01
   2.95710947e-01  1.25806145e-01  2.02490965e-01 -5.69668431e-02
   3.20728641e-01 -2.65906483e-01 -2.30501935e-01 -1.05929463e-01
   1.23932653e-01 -2.46472566e-01  2.86845334e-02 -1.24689795e-01
   2.27835173e-04  1.42448481e-01 -1.85228949e-01  1.61945205e-01
   4.45965657e-01  0.00000000e+00  0.00000000e+00  0.00000000e+00
   0.00000000e+00  0.00000000e+00  0.00000000e+00]
 [-1.81170949e-01  1.57267120e-01 -3.26101910e-01  2.55690508e-01
  -9.77099954e-02 -4.23948749e-01  1.76420378e-01 -2.38540349e-01
  -1.43527039e-01 -1.15058939e-01 -2.21458281e-01  1.34437242e-01
   1.04461020e-01 -9.10706389e-02  3.04622788e-01  3.48372720e-02
  -1.41147359e-01  8.25494218e-02  7.13949480e-03  2.18105418e-01
  -2.23496883e-01  3.93623515e-01  0.00000000e+00  0.00000000e+00
   0.00000000e+00  0.00000000e+00  0.00000000e+00]
 [-4.38246537e-01  3.69546180e-02 -2.26966449e-01 -6.77528082e-02
  -2.10195159e-01 -3.48537590e-01 -3.82575389e-01  1.13347223e-01
  -1.96361236e-01  1.10407829e-01 -1.43291716e-01 -2.03079831e-01
   7.44827903e-02  1.20441442e-01  2.44322261e-01  1.86903696e-01
   2.74710338e-02 -1.59769594e-01  3.50556173e-02 -1.48939125e-01
   9.53768041e-04  1.59436370e-01  3.51116490e-01  0.00000000e+00
   0.00000000e+00  0.00000000e+00  0.00000000e+00]
 [-4.08125336e-01  4.29538941e-02 -3.00078525e-01 -6.76181945e-02
  -1.43127815e-01 -2.20222940e-01  2.67837226e-01 -3.40245267e-01
  -1.95784197e-01  7.98838310e-02 -3.92121438e-02 -1.62464634e-01
  -1.35430527e-01 -6.84715137e-02 -1.24157306e-01 -2.28202560e-01
  -2.15807297e-01 -1.55460915e-01  1.83672279e-01 -9.32245996e-02
  -1.31388912e-01 -1.72723489e-01 -6.92250958e-02  3.90204774e-01
   0.00000000e+00  0.00000000e+00  0.00000000e+00]
 [-2.14103265e-01 -2.47328187e-01 -1.35902220e-01 -3.42481101e-01
   1.10347628e-01  2.21494561e-01 -2.36796365e-01  2.39621881e-01
  -3.09804803e-01  3.14217560e-01  8.16668582e-02 -2.01265989e-01
  -4.61887494e-02  1.70413795e-01 -8.37426113e-02 -4.55459164e-02
   2.06806432e-01  1.57506141e-01  1.83096233e-01  1.58213718e-01
  -1.60873434e-01 -1.82881986e-02  1.04963014e-01  1.49490362e-01
   3.38578405e-01  0.00000000e+00  0.00000000e+00]
 [ 3.60323139e-01 -1.49323127e-01  1.49765185e-01 -1.70156834e-01
   3.14365770e-01  3.14832424e-01 -1.49739359e-01  1.92387817e-01
  -2.24971991e-01 -2.84981710e-01  8.67149411e-02  1.54122193e-01
   1.04731717e-01  6.29089852e-02 -2.78768606e-01  2.45917094e-01
   1.24314533e-01  1.94652438e-01  7.23691061e-02 -6.17059560e-02
  -4.63963706e-02  5.43187576e-02 -1.61983980e-02 -9.84259737e-02
  -1.54432763e-01  3.48714547e-01  0.00000000e+00]
 [-3.31426771e-01 -1.05150822e-01 -3.84396995e-01  2.69062975e-01
   7.85263974e-02  3.16644627e-01 -2.53458030e-01 -2.04652083e-01
   9.02952784e-02 -1.04546963e-01  2.54858173e-01 -7.23972076e-02
   1.53819646e-01  9.21214011e-02  1.83412472e-01 -2.90142902e-02
   7.12767087e-02 -2.03712906e-01 -6.15616427e-02  1.15275213e-01
  -1.74713492e-01  1.28435855e-01  1.20362046e-01 -1.67245253e-01
  -1.40140792e-01 -1.57759944e-01  3.04663937e-01]],
NSM =
0.06614092173228595