Lattice =
[[ 1.          0.          0.          0.          0.          0.
   0.          0.          0.          0.          0.          0.
   0.          0.          0.          0.          0.          0.
   0.          0.          0.          0.          0.        ]
 [ 0.3712554   0.92853079  0.          0.          0.          0.
   0.          0.          0.          0.          0.          0.
   0.          0.          0.          0.          0.          0.
   0.          0.          0.          0.          0.        ]
 [ 0.31184626 -0.23458765  0.92071741  0.          0.          0.
   0.          0.          0.          0.          0.          0.
   0.          0.          0.          0.          0.          0.
   0.          0.          0.          0.          0.        ]
 [ 0.27446168 -0.2507385  -0.00495287  0.92831916  0.          0.
   0.          0.          0.          0.          0.          0.
   0.          0.          0.          0.          0.          0.
   0.          0.          0.          0.          0.        ]
 [ 0.43193574  0.05125254 -0.11996687  0.2897056   0.84408727  0.
   0.          0.          0.          0.          0.          0.
   0.          0.          0.          0.          0.          0.
   0.          0.          0.          0.          0.        ]
 [ 0.28503048  0.25172902  0.26589132  0.31986922 -0.34072061  0.75251916
   0.          0.          0.          0.          0.          0.
   0.          0.          0.          0.          0.          0.
   0.          0.          0.          0.          0.        ]
 [-0.41728273 -0.02719202 -0.33156988 -0.3343384  -0.15981195 -0.32165287
   0.68877757  0.          0.          0.          0.          0.
   0.          0.          0.          0.          0.          0.
   0.          0.          0.          0.          0.        ]
 [ 0.15883245  0.29783815  0.39216051 -0.01737311 -0.16119811  0.05490932
  -0.36213747  0.75619415  0.          0.          0.          0.
   0.          0.          0.          0.          0.          0.
   0.          0.          0.          0.          0.        ]
 [ 0.09881767 -0.38259459  0.41790289 -0.38605547 -0.12954322 -0.18812035
   0.06163848  0.24535851  0.63561307  0.          0.          0.
   0.          0.          0.          0.          0.          0.
   0.          0.          0.          0.          0.        ]
 [-0.17227457 -0.20936764 -0.25204457 -0.31913807 -0.35917252  0.30001453
   0.17159715 -0.23449965  0.17840975  0.65255786  0.          0.
   0.          0.          0.          0.          0.          0.
   0.          0.          0.          0.          0.        ]
 [-0.30626152 -0.11834843  0.38449126 -0.35140019  0.26090162 -0.28759847
   0.11612653 -0.25498031 -0.11973542 -0.24262876  0.5642639   0.
   0.          0.          0.          0.          0.          0.
   0.          0.          0.          0.          0.        ]
 [ 0.05948889  0.26398494 -0.28540414  0.17056734  0.38736385  0.04953482
  -0.33483866 -0.22079622  0.20536371 -0.16928089  0.01131901  0.65718608
   0.          0.          0.          0.          0.          0.
   0.          0.          0.          0.          0.        ]
 [-0.03478353 -0.29448514  0.1907016  -0.27987094 -0.30067055 -0.32984934
  -0.26669651  0.09856553 -0.2555945  -0.28419588 -0.20490836  0.21692955
   0.53121229  0.          0.          0.          0.          0.
   0.          0.          0.          0.          0.        ]
 [-0.04353682  0.14375376  0.26628915  0.40924647 -0.38710058 -0.04582864
  -0.20471231 -0.23940408 -0.22762389 -0.17480739  0.13115255 -0.31484733
  -0.03084243  0.53686768  0.          0.          0.          0.
   0.          0.          0.          0.          0.        ]
 [-0.32855545  0.32103678 -0.34117763  0.02041327  0.28487689 -0.3869929
   0.05194789  0.3056023   0.13679055  0.13069297 -0.1404752   0.06378628
   0.11121636  0.24523951  0.46157595  0.          0.          0.
   0.          0.          0.          0.          0.        ]
 [-0.38671423  0.29380423  0.18597102 -0.15726683 -0.35045575  0.26717396
  -0.1787087  -0.14341484 -0.25725537  0.05062791 -0.12326178  0.16581657
  -0.16755305  0.18596222 -0.16906361  0.50540751  0.          0.
   0.          0.          0.          0.          0.        ]
 [-0.42142433  0.27745869  0.22079097  0.36149008 -0.36984665 -0.03200243
  -0.28811713  0.04980667  0.08534143 -0.13354733  0.06599057 -0.22930289
   0.01701247 -0.09294806 -0.19553106  0.21528679  0.40881463  0.
   0.          0.          0.          0.          0.        ]
 [ 0.28131268 -0.16326014 -0.17552842  0.41099566 -0.31308622  0.25790737
  -0.18459192 -0.31188331 -0.23641076 -0.10941946 -0.17666959 -0.17358736
  -0.16832224  0.14304731 -0.07032305 -0.10205309 -0.08676523  0.44464189
   0.          0.          0.          0.          0.        ]
 [-0.2802517  -0.33713362 -0.40767256 -0.21855446 -0.18147666 -0.26644158
  -0.27569212  0.19585357  0.12001034  0.18156801 -0.02199498 -0.12775542
  -0.20974117  0.12347014  0.22397649 -0.02212056 -0.05009764 -0.16739431
   0.41346219  0.          0.          0.          0.        ]
 [-0.36982678  0.35306386 -0.35304396  0.08148664  0.18255331 -0.14697331
   0.12259124 -0.21332433 -0.06886861 -0.26796527  0.18567792 -0.01054307
  -0.20865743  0.22579402  0.11570767  0.22179316  0.08466127  0.18845163
  -0.18637494  0.38233099  0.          0.          0.        ]
 [ 0.12190828 -0.06391221  0.32397689  0.36418403  0.38929763  0.34149018
   0.21960241 -0.12333787 -0.08457837 -0.29384281 -0.17164466 -0.10587118
  -0.24404901 -0.12285263  0.08890599  0.06883952 -0.01509447 -0.08197258
   0.10508133  0.19472837  0.36672172  0.          0.        ]
 [-0.05265657  0.37910075 -0.40204158 -0.03399456  0.26731408 -0.34808829
   0.21441418 -0.05254217 -0.29873299  0.20588411 -0.11390612 -0.20499076
   0.14055314 -0.06991562  0.08336051  0.16241776  0.03916244 -0.00790318
  -0.16795755  0.17144235  0.08669217  0.37154969  0.        ]
 [ 0.41505268  0.06895468 -0.01751974  0.24634612 -0.33293192 -0.04726955
  -0.05981312 -0.30071743  0.28305358 -0.17649716  0.27764617 -0.08707003
   0.00460465 -0.24464838  0.06354457  0.11480933 -0.19832477 -0.10311755
   0.0732371  -0.22065354  0.16574148  0.17913342  0.34392964]],
NSM =
0.06698970098140582