Lattice =
[[ 1.          0.          0.          0.          0.          0.
   0.          0.          0.          0.          0.          0.
   0.          0.          0.          0.          0.          0.
   0.          0.          0.          0.          0.          0.
   0.        ]
 [-0.40574221  0.91398756  0.          0.          0.          0.
   0.          0.          0.          0.          0.          0.
   0.          0.          0.          0.          0.          0.
   0.          0.          0.          0.          0.          0.
   0.        ]
 [-0.31121386  0.411906    0.85643411  0.          0.          0.
   0.          0.          0.          0.          0.          0.
   0.          0.          0.          0.          0.          0.
   0.          0.          0.          0.          0.          0.
   0.        ]
 [-0.00187062  0.22359817  0.31722691  0.92161133  0.          0.
   0.          0.          0.          0.          0.          0.
   0.          0.          0.          0.          0.          0.
   0.          0.          0.          0.          0.          0.
   0.        ]
 [ 0.35698404 -0.12188688  0.11380705 -0.40584197  0.82464916  0.
   0.          0.          0.          0.          0.          0.
   0.          0.          0.          0.          0.          0.
   0.          0.          0.          0.          0.          0.
   0.        ]
 [-0.41942737 -0.20951156 -0.11369391 -0.30056992 -0.3579025   0.74082576
   0.          0.          0.          0.          0.          0.
   0.          0.          0.          0.          0.          0.
   0.          0.          0.          0.          0.          0.
   0.        ]
 [ 0.31222691  0.30224686 -0.35902193  0.39197658 -0.1876288   0.27428499
   0.64666992  0.          0.          0.          0.          0.
   0.          0.          0.          0.          0.          0.
   0.          0.          0.          0.          0.          0.
   0.        ]
 [-0.22366901  0.17901511 -0.28752197 -0.25864748  0.33300109 -0.28217728
   0.1851147   0.73727686  0.          0.          0.          0.
   0.          0.          0.          0.          0.          0.
   0.          0.          0.          0.          0.          0.
   0.        ]
 [-0.09184083 -0.22370419 -0.44244776  0.23504738 -0.10334957 -0.32051736
   0.09894294  0.33145708  0.67634931  0.          0.          0.
   0.          0.          0.          0.          0.          0.
   0.          0.          0.          0.          0.          0.
   0.        ]
 [ 0.22237659 -0.01836367  0.44100067 -0.01969922  0.10423321  0.20608808
   0.16682056  0.24199465 -0.24697567  0.74472641  0.          0.
   0.          0.          0.          0.          0.          0.
   0.          0.          0.          0.          0.          0.
   0.        ]
 [ 0.20934507  0.41099741  0.13501891  0.20118688 -0.29472189 -0.1822552
  -0.15152241 -0.19624444 -0.19762989 -0.32368954  0.63495523  0.
   0.          0.          0.          0.          0.          0.
   0.          0.          0.          0.          0.          0.
   0.        ]
 [-0.22420821  0.3675657   0.09999335  0.28113276 -0.1448162  -0.34420186
   0.06838538  0.09597274 -0.13953725 -0.25188037  0.19820625  0.67086346
   0.          0.          0.          0.          0.          0.
   0.          0.          0.          0.          0.          0.
   0.        ]
 [-0.19586329 -0.23291158 -0.42578874 -0.32447938  0.29736095  0.16900479
   0.30434729  0.15092772 -0.02388471 -0.00269833 -0.04085761  0.18244148
   0.59403893  0.          0.          0.          0.          0.
   0.          0.          0.          0.          0.          0.
   0.        ]
 [ 0.19246175  0.3914787  -0.34533916  0.26116782  0.09627127  0.00126573
  -0.28614069  0.12805285  0.20532966 -0.35257836  0.01695167  0.12808045
   0.17221831  0.54942559  0.          0.          0.          0.
   0.          0.          0.          0.          0.          0.
   0.        ]
 [ 0.06515527 -0.33296705 -0.4404797  -0.01765057 -0.06166256  0.19407277
  -0.28248784  0.19585569 -0.20863075 -0.33468943 -0.20521965  0.00228665
  -0.14176521 -0.22601065  0.51194351  0.          0.          0.
   0.          0.          0.          0.          0.          0.
   0.        ]
 [ 0.34084423  0.01019074  0.41001772 -0.14589946  0.28125134 -0.32437741
  -0.06818348 -0.11171072 -0.06177146 -0.07394929 -0.09366983 -0.25485395
  -0.17788572  0.24853015  0.18891875  0.52986719  0.          0.
   0.          0.          0.          0.          0.          0.
   0.        ]
 [-0.41859306 -0.3021371   0.0237769   0.1139433   0.36545233  0.2370064
  -0.24252217  0.24207864 -0.12761286  0.11360188 -0.02026828 -0.16793902
   0.0402048  -0.20563048  0.04131261  0.12903689  0.54105062  0.
   0.          0.          0.          0.          0.          0.
   0.        ]
 [ 0.12036462 -0.29308416  0.19913668  0.30448391 -0.14240529 -0.18388715
  -0.0032684   0.23327019  0.30999431  0.15705445  0.24773899  0.31498536
   0.03003623 -0.16969576  0.22429691 -0.13028493 -0.22805801  0.4778946
   0.          0.          0.          0.          0.          0.
   0.        ]
 [ 0.17826577 -0.01697004 -0.18279181 -0.37502809  0.27353916 -0.23897233
  -0.25097272  0.32339047 -0.26943573 -0.05055472  0.0987026   0.23524116
  -0.20828794 -0.02364276  0.22445767 -0.1674375  -0.07735507 -0.18204291
   0.43892987  0.          0.          0.          0.          0.
   0.        ]
 [ 0.15423947 -0.19575652  0.03880668  0.26668204  0.22452174 -0.30077984
  -0.22358155  0.0562404   0.28389396 -0.37663538 -0.21490059 -0.21048704
   0.13511375  0.05922103  0.11382086  0.18219347  0.16903427  0.21458707
   0.15063184  0.43940231  0.          0.          0.          0.
   0.        ]
 [-0.28982825  0.17654177  0.31672213 -0.1878226   0.02540665 -0.3066134
  -0.1642816  -0.16743947  0.12468289 -0.27360632 -0.23286858 -0.2513163
  -0.05446366 -0.18683674 -0.18425874  0.21211766 -0.20592632 -0.17408602
   0.17919026  0.14266209  0.38700659  0.          0.          0.
   0.        ]
 [-0.38624156  0.32281959 -0.2228824   0.14384363  0.19894286  0.29157936
   0.15720333  0.11166649  0.23121003 -0.29269006  0.01763199  0.21665031
   0.16982054  0.02262568  0.18465839 -0.23498632 -0.00125991  0.20299896
   0.14202647  0.12299357 -0.07050456  0.35768188  0.          0.
   0.        ]
 [-0.38888396 -0.12205633  0.20269052  0.01676567  0.34881364  0.25007664
  -0.24314668  0.02507713  0.26550402 -0.27256455  0.27006121  0.1115235
  -0.07275128 -0.06292636 -0.19057084  0.11109954  0.14492586  0.22547449
  -0.06253577  0.06614258  0.15713692  0.15402419  0.36323279  0.
   0.        ]
 [ 0.04211879 -0.25522718 -0.33937659  0.38518186 -0.38302315  0.03941472
   0.17859593 -0.07031897 -0.26673624 -0.01393265 -0.21042958  0.0424777
  -0.01158596 -0.00454195 -0.10284968  0.13618486 -0.09590574  0.22883256
   0.03718305  0.19940524 -0.21666483 -0.09686026 -0.16648954  0.38856646
   0.        ]
 [ 0.17947953 -0.33944593  0.24365873 -0.37273024  0.23231691  0.27498147
  -0.30107978 -0.27503438  0.14364581  0.28022878 -0.06833524  0.14925195
   0.12345152  0.00633313  0.00515728 -0.03636621 -0.09361417  0.18680365
  -0.03400465 -0.14854059 -0.13383091 -0.13180574  0.01208802 -0.13019212
   0.31046774]],
NSM =
0.06650828208063364