Lattice =
[[ 1.          0.          0.          0.          0.          0.
   0.          0.          0.          0.          0.          0.
   0.          0.          0.          0.          0.          0.
   0.          0.          0.          0.        ]
 [ 0.41175198  0.91129595  0.          0.          0.          0.
   0.          0.          0.          0.          0.          0.
   0.          0.          0.          0.          0.          0.
   0.          0.          0.          0.        ]
 [ 0.37286712 -0.3653395   0.85293444  0.          0.          0.
   0.          0.          0.          0.          0.          0.
   0.          0.          0.          0.          0.          0.
   0.          0.          0.          0.        ]
 [-0.43900995  0.30543761  0.34506717  0.771302    0.          0.
   0.          0.          0.          0.          0.          0.
   0.          0.          0.          0.          0.          0.
   0.          0.          0.          0.        ]
 [ 0.28531577 -0.10165587  0.25768269 -0.35247424  0.84712605  0.
   0.          0.          0.          0.          0.          0.
   0.          0.          0.          0.          0.          0.
   0.          0.          0.          0.        ]
 [-0.20329604 -0.37870866  0.12941606  0.06627777 -0.31841923  0.83229707
   0.          0.          0.          0.          0.          0.
   0.          0.          0.          0.          0.          0.
   0.          0.          0.          0.        ]
 [-0.15585233 -0.27212249  0.2615359   0.31284622  0.03061223  0.25019913
   0.8196639   0.          0.          0.          0.          0.
   0.          0.          0.          0.          0.          0.
   0.          0.          0.          0.        ]
 [-0.23689694 -0.34722972  0.38336158  0.19510836  0.16601957  0.18560907
  -0.38857705  0.65212932  0.          0.          0.          0.
   0.          0.          0.          0.          0.          0.
   0.          0.          0.          0.        ]
 [ 0.41799033  0.08286422 -0.39522433 -0.05091789  0.2723114   0.1788965
   0.27187304 -0.07634259  0.68827473  0.          0.          0.
   0.          0.          0.          0.          0.          0.
   0.          0.          0.          0.        ]
 [-0.27677805 -0.31258992  0.17376354 -0.24030468 -0.26372292 -0.02199676
  -0.25730389 -0.19039876 -0.29762764  0.69041184  0.          0.
   0.          0.          0.          0.          0.          0.
   0.          0.          0.          0.        ]
 [-0.44114431  0.13217028  0.00569392 -0.16374943 -0.24252081 -0.33579716
  -0.17664215  0.26810408  0.15752647 -0.3170253   0.60091469  0.
   0.          0.          0.          0.          0.          0.
   0.          0.          0.          0.        ]
 [ 0.36533445  0.3445132   0.28907982  0.11750928 -0.33972769  0.13838384
  -0.11324584 -0.18649071 -0.30344809  0.01653851  0.14055396  0.59681467
   0.          0.          0.          0.          0.          0.
   0.          0.          0.          0.        ]
 [-0.14791539  0.31166494  0.33595052  0.26529755  0.22500867 -0.04788059
  -0.07157618 -0.25064942 -0.30160041  0.02482464 -0.26537323 -0.28150571
   0.57932999  0.          0.          0.          0.          0.
   0.          0.          0.          0.        ]
 [ 0.20052291 -0.35456477  0.290722    0.04386675  0.30771109 -0.15706177
   0.15897394  0.26086216  0.2124085   0.21446634  0.26751416 -0.23417773
  -0.06864193  0.55921962  0.          0.          0.          0.
   0.          0.          0.          0.        ]
 [-0.30238978  0.27974621  0.36785333 -0.34512386  0.09033068 -0.3371783
  -0.06034419 -0.08727437 -0.11465432 -0.29592512 -0.2810029   0.07404872
   0.21515681  0.14541961  0.43608073  0.          0.          0.
   0.          0.          0.          0.        ]
 [ 0.06029205  0.34731931 -0.35605789 -0.28962152 -0.27144682  0.01009474
   0.00406539  0.2176665   0.21958182 -0.33897778 -0.12649042 -0.20923048
  -0.00654231 -0.160777    0.21769255  0.49770914  0.          0.
   0.          0.          0.          0.        ]
 [-0.30885675 -0.3768724  -0.22273087  0.33064966  0.21536566  0.31233536
  -0.06010299 -0.1560837   0.01036441  0.19933096 -0.18928925 -0.23478891
  -0.17698907  0.20945876 -0.14577464  0.1419476   0.42933933  0.
   0.          0.          0.          0.        ]
 [ 0.0033736  -0.36801969  0.34954981  0.04496257  0.3679572  -0.24222046
  -0.2505629  -0.21789731  0.11257917 -0.22254126 -0.17694334 -0.25639428
  -0.17818225 -0.02757094 -0.18590855  0.05915252 -0.12790983  0.43570919
   0.          0.          0.          0.        ]
 [ 0.39244773 -0.3401705   0.25326174  0.13274987  0.04260373 -0.34624884
  -0.14277294 -0.2566328   0.09360122  0.03041002 -0.27492368  0.12267936
  -0.153873    0.25571794  0.14352153 -0.11691277  0.16598083 -0.15511354
   0.40656152  0.          0.          0.        ]
 [ 0.42415854  0.11593188  0.13949832 -0.09401134 -0.33223293  0.271357
  -0.35761805 -0.10604095  0.0047415  -0.18375813  0.04079601 -0.12564649
  -0.24864758 -0.2844619  -0.03305639  0.12149946 -0.16114411  0.12464632
   0.11371064  0.43695373  0.          0.        ]
 [ 0.33119011  0.16071352 -0.31662456 -0.2427815  -0.11032288  0.39194122
   0.30325044  0.12782564  0.04612496 -0.22381191  0.19614416 -0.1186368
   0.17809265  0.11356413 -0.04109245 -0.19109253 -0.12035247  0.18900995
   0.02041669  0.18425819  0.39879617  0.        ]
 [-0.17176425  0.09272811 -0.46558643 -0.15086303 -0.03360196  0.40252968
   0.29623567  0.10439868 -0.22904817  0.08063266  0.21581798 -0.17882705
   0.05226816 -0.13663341 -0.10015653 -0.14700137 -0.13281843 -0.16162485
   0.19106395 -0.01978897  0.19814528  0.38738839]],
NSM =
0.06720871436646267