Lattice =
[[ 1.          0.          0.          0.          0.          0.
   0.          0.          0.          0.          0.          0.
   0.          0.          0.          0.          0.          0.
   0.          0.          0.          0.          0.          0.
   0.          0.          0.          0.        ]
 [-0.44578902  0.89513806  0.          0.          0.          0.
   0.          0.          0.          0.          0.          0.
   0.          0.          0.          0.          0.          0.
   0.          0.          0.          0.          0.          0.
   0.          0.          0.          0.        ]
 [ 0.2681766   0.38341338  0.88378476  0.          0.          0.
   0.          0.          0.          0.          0.          0.
   0.          0.          0.          0.          0.          0.
   0.          0.          0.          0.          0.          0.
   0.          0.          0.          0.        ]
 [ 0.00232948 -0.3887786   0.36306003  0.84677812  0.          0.
   0.          0.          0.          0.          0.          0.
   0.          0.          0.          0.          0.          0.
   0.          0.          0.          0.          0.          0.
   0.          0.          0.          0.        ]
 [ 0.40398552 -0.31304588  0.39553184  0.33130421  0.68745186  0.
   0.          0.          0.          0.          0.          0.
   0.          0.          0.          0.          0.          0.
   0.          0.          0.          0.          0.          0.
   0.          0.          0.          0.        ]
 [-0.40762415  0.4063046  -0.09958831  0.1239895   0.3362373   0.72829415
   0.          0.          0.          0.          0.          0.
   0.          0.          0.          0.          0.          0.
   0.          0.          0.          0.          0.          0.
   0.          0.          0.          0.        ]
 [-0.19913686 -0.02566239 -0.11662564 -0.37421151  0.32773963 -0.0952328
   0.83040207  0.          0.          0.          0.          0.
   0.          0.          0.          0.          0.          0.
   0.          0.          0.          0.          0.          0.
   0.          0.          0.          0.        ]
 [-0.26172912  0.09191365 -0.31945148  0.28428432  0.18178537  0.27997399
  -0.25486457  0.75086325  0.          0.          0.          0.
   0.          0.          0.          0.          0.          0.
   0.          0.          0.          0.          0.          0.
   0.          0.          0.          0.        ]
 [-0.00942331  0.01812501  0.07011938  0.36455984  0.31876612  0.31040074
   0.06578387 -0.37419386  0.72073092  0.          0.          0.
   0.          0.          0.          0.          0.          0.
   0.          0.          0.          0.          0.          0.
   0.          0.          0.          0.        ]
 [-0.00708104  0.38874629  0.20810405  0.21489504  0.20442573  0.14703184
   0.40596374 -0.23303262  0.24281694  0.64642087  0.          0.
   0.          0.          0.          0.          0.          0.
   0.          0.          0.          0.          0.          0.
   0.          0.          0.          0.        ]
 [-0.00323433  0.28678638  0.34171049 -0.22825936  0.36225949 -0.17382156
   0.02273043 -0.35658918 -0.29083601  0.03565723  0.61147306  0.
   0.          0.          0.          0.          0.          0.
   0.          0.          0.          0.          0.          0.
   0.          0.          0.          0.        ]
 [-0.077337    0.32926017 -0.08329586 -0.33744785 -0.01033974 -0.32534357
  -0.37844764 -0.26694927  0.27053372  0.04618601 -0.16398757  0.5849308
   0.          0.          0.          0.          0.          0.
   0.          0.          0.          0.          0.          0.
   0.          0.          0.          0.        ]
 [-0.30437918 -0.04011889  0.33128988 -0.17441595 -0.3297405   0.08448322
   0.31211868  0.24766677 -0.18668937 -0.25317534 -0.14054668 -0.18163395
   0.58245329  0.          0.          0.          0.          0.
   0.          0.          0.          0.          0.          0.
   0.          0.          0.          0.        ]
 [ 0.37664401  0.20304628 -0.01559156 -0.24527133  0.29933441 -0.25191198
  -0.3748036  -0.16610929  0.05732076  0.26965423 -0.09258746  0.15410301
   0.27013089  0.50407307  0.          0.          0.          0.
   0.          0.          0.          0.          0.          0.
   0.          0.          0.          0.        ]
 [ 0.21497745  0.3353406   0.35465298 -0.11960911 -0.25446523 -0.17231437
  -0.01850188 -0.0604919   0.11204653  0.25213159 -0.03824063 -0.27250098
   0.23782754  0.15008183  0.60981106  0.          0.          0.
   0.          0.          0.          0.          0.          0.
   0.          0.          0.          0.        ]
 [-0.36565282  0.18590515 -0.05200055  0.31283671  0.09750118 -0.0627674
  -0.01755425  0.09169676 -0.1861345  -0.27388464 -0.2099265  -0.19445589
   0.23417684 -0.13071109 -0.25454116  0.61704723  0.          0.
   0.          0.          0.          0.          0.          0.
   0.          0.          0.          0.        ]
 [ 0.0051239  -0.15289344 -0.37435177 -0.10644205 -0.24503793 -0.17772206
   0.17064436  0.20983762 -0.24853202 -0.12564213 -0.20215679  0.06350416
  -0.20120867 -0.0597697   0.08827656  0.34906311  0.6034888   0.
   0.          0.          0.          0.          0.          0.
   0.          0.          0.          0.        ]
 [ 0.36576087  0.32233368  0.25734673  0.09563549  0.29741332 -0.31320746
  -0.30081535 -0.04111296  0.08573174 -0.10267095  0.09200809  0.07424533
   0.16934009 -0.10337393  0.15700343  0.10942739 -0.265362    0.47952057
   0.          0.          0.          0.          0.          0.
   0.          0.          0.          0.        ]
 [ 0.36755638 -0.31536683 -0.04736946  0.0417283  -0.24792987 -0.20377891
   0.28230007  0.14864041  0.23542211 -0.12002655 -0.23745153  0.05226576
  -0.20688304  0.1207873   0.19521536 -0.22677032  0.16829333  0.19542854
   0.46291983  0.          0.          0.          0.          0.
   0.          0.          0.          0.        ]
 [-0.40420313  0.03505819  0.25231827  0.16580187 -0.2618449   0.0315243
  -0.24912347  0.07152871 -0.16287138  0.20279675 -0.03700534  0.25657496
  -0.19368146  0.17551933  0.27096683  0.1772599   0.24212914 -0.21375548
   0.14489417  0.41733799  0.          0.          0.          0.
   0.          0.          0.          0.        ]
 [-0.3595819   0.1520806  -0.25289863  0.18666217  0.26332525  0.05593676
  -0.33680685 -0.2073093   0.18740541 -0.08933812 -0.25259138  0.20560936
  -0.02977011  0.25690867 -0.26687585 -0.1438078  -0.0583581   0.23160119
   0.07138527 -0.06298808  0.38184709  0.          0.          0.
   0.          0.          0.          0.        ]
 [-0.22651714 -0.26395093 -0.07517678  0.20485783 -0.07037912 -0.27841531
  -0.19172315 -0.28556491  0.30879167 -0.25755558  0.22415045  0.19634219
   0.2250135   0.17437308 -0.24699408  0.11943397  0.18653804  0.04887298
  -0.0874097   0.14101367 -0.09600272  0.38718592  0.          0.
   0.          0.          0.          0.        ]
 [-0.01408959 -0.07065108 -0.3546009  -0.05787975  0.03338346  0.21156183
   0.40882979 -0.34547675 -0.36450232 -0.14149489  0.2776002   0.23341885
  -0.04181156 -0.13354608  0.04112987  0.07839207 -0.15136637  0.11554811
   0.07658576  0.03122134 -0.0906965   0.15354602  0.38287721  0.
   0.          0.          0.          0.        ]
 [ 0.37021661 -0.10229535 -0.30083448  0.3527755  -0.06353073 -0.30642838
  -0.07835899 -0.20257948 -0.03625619 -0.28672757 -0.10617902  0.14657867
  -0.12659957  0.16161615  0.29043934 -0.14530992 -0.01531322  0.05136465
   0.19589875  0.18604886  0.13880181  0.07926657  0.13828429  0.3285903
   0.          0.          0.          0.        ]
 [ 0.16999793  0.32272143  0.03278269  0.18936112  0.15404949 -0.33720917
   0.37784016  0.2798225   0.11094056  0.04206611  0.09043892  0.22070527
   0.14939546  0.26782879 -0.17307367  0.20929572 -0.06575817  0.10877942
   0.07104749  0.05485761  0.15606639 -0.15830203  0.15207214 -0.0219752
   0.36809921  0.          0.          0.        ]
 [ 0.19296564  0.33123652  0.13443674  0.35126248  0.00555149  0.21754753
  -0.32871848  0.29896751  0.11894494  0.27795576  0.17353137  0.19258074
  -0.13104536  0.11851914 -0.06254571  0.19881773  0.23987647 -0.01986176
  -0.07508739 -0.04435269  0.16429841  0.06465483  0.15010182  0.01452091
   0.13898789  0.30781689  0.          0.        ]
 [-0.09079145 -0.41782169 -0.41346954 -0.17467674  0.02041807  0.19475286
  -0.01695269  0.31807676  0.14349641 -0.21498907 -0.17182848 -0.01815909
   0.30208745 -0.03869029 -0.07273774 -0.18461169 -0.05301936  0.0185218
  -0.23702597 -0.11249338  0.10025746  0.09273621  0.05367029  0.14754272
   0.00147612  0.11592357  0.34406868  0.        ]
 [-0.09470637 -0.24824774 -0.19854161  0.32306173 -0.3360557  -0.16430838
   0.09483349 -0.18915113  0.09120319  0.2075758   0.07362794  0.19696786
   0.22808465 -0.10365837  0.22050225  0.2337662  -0.23811765 -0.10638413
   0.06611449 -0.21368432  0.05150106 -0.0728697  -0.13917652  0.11625582
   0.13916688  0.13492616  0.18094588  0.33172836]],
NSM =
0.06592064213986655