Lattice =
[[ 1.          0.          0.          0.          0.          0.
   0.          0.          0.        ]
 [ 0.42994856  0.90285338  0.          0.          0.          0.
   0.          0.          0.        ]
 [-0.44684449  0.35168202  0.82258723  0.          0.          0.
   0.          0.          0.        ]
 [-0.44090791  0.31892564  0.19858484  0.81513846  0.          0.
   0.          0.          0.        ]
 [ 0.42837058 -0.39892415  0.36217279 -0.28244696  0.66814127  0.
   0.          0.          0.        ]
 [ 0.02882456  0.44430766  0.35265318  0.31704146  0.32734825  0.68536371
   0.          0.          0.        ]
 [-0.44509317  0.34644467  0.20325764  0.14728016 -0.31427966 -0.32687282
   0.64284174  0.          0.        ]
 [-0.03056683  0.38922022  0.09894115 -0.02995257 -0.40355699 -0.38081396
  -0.30996711  0.65797391  0.        ]
 [-0.43623138  0.36659489 -0.40326415  0.30274549  0.0509436  -0.29215544
   0.19732683  0.23097381  0.49071044]],
NSM =
0.07164625482353021