Lattice =
[[ 1.          0.          0.          0.          0.          0.
   0.          0.          0.          0.          0.          0.
   0.          0.          0.        ]
 [ 0.38082636  0.92464657  0.          0.          0.          0.
   0.          0.          0.          0.          0.          0.
   0.          0.          0.        ]
 [ 0.44202338  0.39740941  0.80416484  0.          0.          0.
   0.          0.          0.          0.          0.          0.
   0.          0.          0.        ]
 [-0.44506562  0.35412731 -0.19175418  0.79983797  0.          0.
   0.          0.          0.          0.          0.          0.
   0.          0.          0.        ]
 [ 0.27941806 -0.43407122  0.20281584  0.36346783  0.74850825  0.
   0.          0.          0.          0.          0.          0.
   0.          0.          0.        ]
 [-0.42383998  0.18779866  0.31904856 -0.37614343 -0.23323539  0.69815236
   0.          0.          0.          0.          0.          0.
   0.          0.          0.        ]
 [ 0.4144664  -0.26239748 -0.13753798  0.35207785 -0.18375617 -0.31940028
   0.69333022  0.          0.          0.          0.          0.
   0.          0.          0.        ]
 [-0.01230259  0.44594369  0.14821705 -0.1551822  -0.21008233  0.32727467
  -0.23934518  0.73919121  0.          0.          0.          0.
   0.          0.          0.        ]
 [ 0.36325621 -0.32705725 -0.27663364 -0.26111931 -0.13782793 -0.31622682
  -0.10653898  0.26096485  0.64646722  0.          0.          0.
   0.          0.          0.        ]
 [-0.40945706  0.17008239 -0.39473351 -0.00772081  0.12852895  0.23172127
  -0.33341835 -0.24848688  0.24177661  0.58818266  0.          0.
   0.          0.          0.        ]
 [ 0.41537941 -0.21920316  0.26400741 -0.11209186 -0.25430116  0.0557582
  -0.28677979 -0.28315587 -0.23892782 -0.23489526  0.59555451  0.
   0.          0.          0.        ]
 [ 0.31478873  0.27300167 -0.11531348 -0.38608765  0.26913492 -0.1228306
  -0.31351958  0.31208953  0.2379621  -0.03673352  0.24621583  0.51205894
   0.          0.          0.        ]
 [ 0.24964766 -0.2997488   0.15651915 -0.34864718 -0.20269723 -0.22076854
  -0.32144674 -0.00829077 -0.29332207 -0.2392977  -0.20224926  0.242358
   0.51537225  0.          0.        ]
 [ 0.41533067 -0.00455585  0.278011    0.3452721  -0.1077212   0.17757038
  -0.20443343  0.16922136  0.16985897 -0.25277444  0.26804621  0.23758519
  -0.20981132  0.50234398  0.        ]
 [ 0.36053421 -0.28264848 -0.08519452 -0.22442866  0.38987342 -0.25261897
  -0.20887519  0.28779878 -0.01647402  0.28497105 -0.09166535 -0.129518
  -0.14796304 -0.26894902  0.43513217]],
NSM =
0.06918568768653852