Lattice =
[[ 1.          0.          0.          0.          0.          0.
   0.          0.          0.          0.          0.          0.
   0.          0.          0.          0.          0.        ]
 [-0.41193285  0.9112142   0.          0.          0.          0.
   0.          0.          0.          0.          0.          0.
   0.          0.          0.          0.          0.        ]
 [-0.44230771  0.06136141  0.89476179  0.          0.          0.
   0.          0.          0.          0.          0.          0.
   0.          0.          0.          0.          0.        ]
 [-0.42535223  0.08642704 -0.41777556  0.79816629  0.          0.
   0.          0.          0.          0.          0.          0.
   0.          0.          0.          0.          0.        ]
 [ 0.34864806  0.10567396 -0.32577278  0.31602323  0.8131906   0.
   0.          0.          0.          0.          0.          0.
   0.          0.          0.          0.          0.        ]
 [ 0.15818699  0.34717802 -0.37871882 -0.35134475  0.00791397  0.7664924
   0.          0.          0.          0.          0.          0.
   0.          0.          0.          0.          0.        ]
 [ 0.38383109 -0.30348425 -0.26055512  0.36317927  0.23897841  0.26903549
   0.65672831  0.          0.          0.          0.          0.
   0.          0.          0.          0.          0.        ]
 [-0.45402179 -0.00837969  0.3414379  -0.09191421  0.35262418  0.37099357
   0.02491627  0.63731081  0.          0.          0.          0.
   0.          0.          0.          0.          0.        ]
 [ 0.46055062  0.0265153   0.32324854 -0.15392084 -0.16222043 -0.34411495
   0.17072349 -0.21062935  0.66390287  0.          0.          0.
   0.          0.          0.          0.          0.        ]
 [-0.32532004  0.3311599  -0.27225063  0.20817837 -0.16401774  0.3796784
  -0.21323426  0.30614898  0.17056891  0.57244567  0.          0.
   0.          0.          0.          0.          0.        ]
 [-0.43802958  0.16731864 -0.21584637 -0.37107876 -0.00788286 -0.12880373
   0.29758943 -0.15885234  0.18406486 -0.25491773  0.60542255  0.
   0.          0.          0.          0.          0.        ]
 [ 0.15603578 -0.18854667 -0.37916807 -0.30077992 -0.31725528 -0.36493889
   0.14048788 -0.13379767 -0.22002133  0.26818314 -0.07059581  0.55595025
   0.          0.          0.          0.          0.        ]
 [-0.41633061  0.41339737 -0.30369518 -0.1074765  -0.27821884 -0.12172463
  -0.09544698  0.15301058 -0.1675098   0.23544462 -0.22858687 -0.18194459
   0.50832569  0.          0.          0.          0.        ]
 [-0.33328645 -0.18419301  0.35577972  0.35379758  0.28596382  0.1919659
  -0.07030989 -0.12797848  0.17765223 -0.25503075  0.26024342 -0.05039256
   0.02348536  0.54394332  0.          0.          0.        ]
 [-0.30078063  0.37551372  0.12289244 -0.18234564  0.13639381 -0.24391874
   0.20280444  0.19672138 -0.23623964  0.23720154 -0.27831077  0.23515192
  -0.18423934  0.28226133  0.45143855  0.          0.        ]
 [ 0.35769162 -0.42539791 -0.07077497  0.28839243  0.31754884  0.00942152
  -0.14260637  0.26032247  0.25059179  0.18506909 -0.16425574 -0.10412867
  -0.20619441 -0.22388301  0.15827581  0.40165051  0.        ]
 [-0.33788073  0.33767094  0.08772282  0.22116503 -0.36346879 -0.20905896
   0.25986132 -0.19039317 -0.23081488 -0.10094221  0.13671209  0.09780179
  -0.24113696  0.23896464  0.20428547 -0.17463089  0.39549102]],
NSM =
0.06847778510519938