Lattice =
[[ 1.          0.          0.          0.          0.          0.
   0.          0.          0.          0.          0.          0.
   0.          0.          0.          0.          0.          0.
   0.          0.          0.          0.          0.          0.
   0.          0.        ]
 [ 0.40702969  0.91341493  0.          0.          0.          0.
   0.          0.          0.          0.          0.          0.
   0.          0.          0.          0.          0.          0.
   0.          0.          0.          0.          0.          0.
   0.          0.        ]
 [-0.36199781 -0.234115    0.90230136  0.          0.          0.
   0.          0.          0.          0.          0.          0.
   0.          0.          0.          0.          0.          0.
   0.          0.          0.          0.          0.          0.
   0.          0.        ]
 [ 0.07365966  0.19715269  0.43381054  0.87607847  0.          0.
   0.          0.          0.          0.          0.          0.
   0.          0.          0.          0.          0.          0.
   0.          0.          0.          0.          0.          0.
   0.          0.        ]
 [ 0.34099189 -0.05386625 -0.35366771 -0.0785035   0.86578248  0.
   0.          0.          0.          0.          0.          0.
   0.          0.          0.          0.          0.          0.
   0.          0.          0.          0.          0.          0.
   0.          0.        ]
 [-0.23208594  0.35703086 -0.3219615   0.29467021 -0.32027145  0.72498382
   0.          0.          0.          0.          0.          0.
   0.          0.          0.          0.          0.          0.
   0.          0.          0.          0.          0.          0.
   0.          0.        ]
 [-0.00431119  0.36748439  0.30731225 -0.15793108  0.43032764  0.3059839
   0.6831878   0.          0.          0.          0.          0.
   0.          0.          0.          0.          0.          0.
   0.          0.          0.          0.          0.          0.
   0.          0.        ]
 [-0.16175173 -0.33646087 -0.02840901  0.29689938  0.36415765  0.06656766
   0.31776236  0.7305198   0.          0.          0.          0.
   0.          0.          0.          0.          0.          0.
   0.          0.          0.          0.          0.          0.
   0.          0.        ]
 [ 0.14065305  0.23975298  0.42310241  0.3702258   0.36837827 -0.13161635
   0.00828866  0.33796405  0.58252779  0.          0.          0.
   0.          0.          0.          0.          0.          0.
   0.          0.          0.          0.          0.          0.
   0.          0.        ]
 [-0.18025482  0.22249479 -0.37318079 -0.07111421 -0.37739483  0.09102112
  -0.05280414  0.26208278  0.28935518  0.68393666  0.          0.
   0.          0.          0.          0.          0.          0.
   0.          0.          0.          0.          0.          0.
   0.          0.        ]
 [-0.36409943  0.29973609  0.20449228 -0.353568   -0.15523617 -0.1900987
  -0.32137268 -0.14822467 -0.20038379 -0.08637166  0.6145421   0.
   0.          0.          0.          0.          0.          0.
   0.          0.          0.          0.          0.          0.
   0.          0.        ]
 [ 0.41058288  0.28777882  0.05205446  0.00434665  0.11898588 -0.26322578
  -0.15846103 -0.2719049   0.24438461  0.26404286  0.30542686  0.58366157
   0.          0.          0.          0.          0.          0.
   0.          0.          0.          0.          0.          0.
   0.          0.        ]
 [ 0.43551119 -0.12045654 -0.09838179 -0.32159727 -0.14731896 -0.15619537
  -0.13807602 -0.06940733 -0.30987119  0.14880759  0.13636702 -0.26612964
   0.63651347  0.          0.          0.          0.          0.
   0.          0.          0.          0.          0.          0.
   0.          0.        ]
 [ 0.39567186  0.39683805  0.04936348 -0.34288227 -0.30376831 -0.07364224
   0.20523232 -0.24199758  0.09667684  0.15575076  0.04226349 -0.07047181
   0.04951373  0.56988423  0.          0.          0.          0.
   0.          0.          0.          0.          0.          0.
   0.          0.        ]
 [-0.04557672  0.38912419  0.2089503  -0.11276887 -0.14131941 -0.30264106
   0.32878256  0.24965008  0.2825345  -0.27784275 -0.04337729  0.01349478
   0.02527244 -0.0447345   0.58857136  0.          0.          0.
   0.          0.          0.          0.          0.          0.
   0.          0.        ]
 [ 0.13336733 -0.39348092  0.20719456 -0.06359785  0.35056439  0.07037334
   0.06687577 -0.08315613  0.22478494 -0.2843183  -0.25030928 -0.28376111
  -0.01891163 -0.17012636  0.12876759  0.56635197  0.          0.
   0.          0.          0.          0.          0.          0.
   0.          0.        ]
 [ 0.34945529 -0.23978392 -0.32044374  0.12907072  0.26544832 -0.27873316
  -0.06567925  0.17235709  0.14349032  0.16540963 -0.30927087 -0.00882468
  -0.169028   -0.19937668  0.23637368  0.18461985  0.46573686  0.
   0.          0.          0.          0.          0.          0.
   0.          0.        ]
 [-0.32730823  0.17322684  0.24310015  0.09805392 -0.21399556  0.33922597
   0.16089335 -0.2902283  -0.10623997  0.27916526  0.10903784 -0.27598496
  -0.18193345 -0.23983293  0.25447344  0.03901699 -0.21048641  0.38037049
   0.          0.          0.          0.          0.          0.
   0.          0.        ]
 [-0.31938442  0.16495978 -0.1861515  -0.16444128  0.12489268 -0.3147337
   0.26791634  0.26173796  0.26768292  0.23135709 -0.19077299 -0.11036076
   0.23872716 -0.15379822  0.1346466  -0.22179795  0.19379586 -0.18369596
   0.40140183  0.          0.          0.          0.          0.
   0.          0.        ]
 [ 0.40385513  0.31858718 -0.22858216 -0.22954875  0.05383452  0.38387657
  -0.02190931 -0.30862508 -0.04418839 -0.02606489 -0.09550793 -0.23609045
  -0.02006462  0.25784065 -0.06050852 -0.07058185  0.22118187 -0.00819135
   0.17340117  0.40298332  0.          0.          0.          0.
   0.          0.        ]
 [-0.0505949  -0.24345704  0.19435695 -0.1583063  -0.27502146 -0.3628062
  -0.26208465  0.06141863  0.25660329  0.30611473  0.26477412 -0.1462817
   0.13459673 -0.05513336  0.10819659  0.16711327 -0.24234911 -0.19066258
   0.04787153  0.14653223  0.40609656  0.          0.          0.
   0.          0.        ]
 [-0.34060304  0.38313503  0.26471089 -0.02703865  0.16051256  0.02270877
  -0.13793007 -0.08498981 -0.1615233  -0.22679117 -0.06110893  0.14219607
  -0.27551555 -0.20450766 -0.04686012 -0.24961692  0.2179828   0.05725169
  -0.1283222  -0.19020159  0.10579752  0.4642423   0.          0.
   0.          0.        ]
 [ 0.3251106  -0.20554192  0.17976492  0.13971707 -0.3937678  -0.09888628
   0.10610453  0.17510838 -0.25692433  0.27071414 -0.29059698  0.183262
   0.2145349   0.01551516  0.0437211  -0.03832845 -0.08469671  0.18307137
   0.00765509  0.00626258 -0.20451857 -0.18615893  0.41136698  0.
   0.          0.        ]
 [ 0.19754614 -0.14838281  0.26791569  0.23103858  0.22099861  0.34657168
   0.30858529 -0.26683284  0.05567348 -0.05942167 -0.2818373   0.03660368
  -0.03134295 -0.0223764  -0.25024606  0.21164409 -0.21660449 -0.11373203
  -0.14220962  0.19067037  0.03549527  0.15902144 -0.07464073  0.36547406
   0.          0.        ]
 [-0.16285146 -0.20447002  0.41321793 -0.13738382 -0.19592998  0.35295267
  -0.2790505  -0.10143312 -0.16030692  0.01494596 -0.33802387 -0.14456004
   0.15783432 -0.07992974  0.03733439 -0.27060473  0.05916057  0.05650868
  -0.14545314  0.0138567  -0.07543734  0.06666713 -0.1814852   0.16435179
   0.35468278  0.        ]
 [-0.31418814 -0.25266902  0.23721886  0.36387568 -0.08993503  0.36471373
   0.22830583 -0.29252297 -0.12672677 -0.22874697  0.09498518 -0.12763088
   0.14748233  0.10971846  0.06497806 -0.11400689  0.09653306  0.05812817
  -0.16893192  0.11958051  0.07239754  0.17760827 -0.09430922 -0.1383762
  -0.11967742  0.30095955]],
NSM =
0.06634785574545256