Lattice =
[[ 1.00000000e+00  0.00000000e+00  0.00000000e+00  0.00000000e+00
   0.00000000e+00  0.00000000e+00  0.00000000e+00  0.00000000e+00
   0.00000000e+00  0.00000000e+00  0.00000000e+00  0.00000000e+00
   0.00000000e+00  0.00000000e+00  0.00000000e+00  0.00000000e+00
   0.00000000e+00  0.00000000e+00  0.00000000e+00  0.00000000e+00
   0.00000000e+00  0.00000000e+00  0.00000000e+00  0.00000000e+00
   0.00000000e+00  0.00000000e+00  0.00000000e+00  0.00000000e+00
   0.00000000e+00]
 [-4.54459137e-01  8.90767586e-01  0.00000000e+00  0.00000000e+00
   0.00000000e+00  0.00000000e+00  0.00000000e+00  0.00000000e+00
   0.00000000e+00  0.00000000e+00  0.00000000e+00  0.00000000e+00
   0.00000000e+00  0.00000000e+00  0.00000000e+00  0.00000000e+00
   0.00000000e+00  0.00000000e+00  0.00000000e+00  0.00000000e+00
   0.00000000e+00  0.00000000e+00  0.00000000e+00  0.00000000e+00
   0.00000000e+00  0.00000000e+00  0.00000000e+00  0.00000000e+00
   0.00000000e+00]
 [-1.65513048e-01  3.92862504e-01  9.04579728e-01  0.00000000e+00
   0.00000000e+00  0.00000000e+00  0.00000000e+00  0.00000000e+00
   0.00000000e+00  0.00000000e+00  0.00000000e+00  0.00000000e+00
   0.00000000e+00  0.00000000e+00  0.00000000e+00  0.00000000e+00
   0.00000000e+00  0.00000000e+00  0.00000000e+00  0.00000000e+00
   0.00000000e+00  0.00000000e+00  0.00000000e+00  0.00000000e+00
   0.00000000e+00  0.00000000e+00  0.00000000e+00  0.00000000e+00
   0.00000000e+00]
 [-3.70746437e-01 -2.86562307e-01  4.03459528e-01  7.85906822e-01
   0.00000000e+00  0.00000000e+00  0.00000000e+00  0.00000000e+00
   0.00000000e+00  0.00000000e+00  0.00000000e+00  0.00000000e+00
   0.00000000e+00  0.00000000e+00  0.00000000e+00  0.00000000e+00
   0.00000000e+00  0.00000000e+00  0.00000000e+00  0.00000000e+00
   0.00000000e+00  0.00000000e+00  0.00000000e+00  0.00000000e+00
   0.00000000e+00  0.00000000e+00  0.00000000e+00  0.00000000e+00
   0.00000000e+00]
 [ 4.92852829e-02  1.10036294e-01 -1.65532944e-01 -2.77157003e-01
   9.38746939e-01  0.00000000e+00  0.00000000e+00  0.00000000e+00
   0.00000000e+00  0.00000000e+00  0.00000000e+00  0.00000000e+00
   0.00000000e+00  0.00000000e+00  0.00000000e+00  0.00000000e+00
   0.00000000e+00  0.00000000e+00  0.00000000e+00  0.00000000e+00
   0.00000000e+00  0.00000000e+00  0.00000000e+00  0.00000000e+00
   0.00000000e+00  0.00000000e+00  0.00000000e+00  0.00000000e+00
   0.00000000e+00]
 [-3.13871543e-01 -6.75863157e-02  2.26153481e-01  3.30154453e-01
   2.61476842e-01  8.17556876e-01  0.00000000e+00  0.00000000e+00
   0.00000000e+00  0.00000000e+00  0.00000000e+00  0.00000000e+00
   0.00000000e+00  0.00000000e+00  0.00000000e+00  0.00000000e+00
   0.00000000e+00  0.00000000e+00  0.00000000e+00  0.00000000e+00
   0.00000000e+00  0.00000000e+00  0.00000000e+00  0.00000000e+00
   0.00000000e+00  0.00000000e+00  0.00000000e+00  0.00000000e+00
   0.00000000e+00]
 [ 3.74316531e-01  3.53270786e-01 -1.08274398e-01 -2.92036963e-02
  -1.77122920e-01 -3.85293026e-01  7.36673225e-01  0.00000000e+00
   0.00000000e+00  0.00000000e+00  0.00000000e+00  0.00000000e+00
   0.00000000e+00  0.00000000e+00  0.00000000e+00  0.00000000e+00
   0.00000000e+00  0.00000000e+00  0.00000000e+00  0.00000000e+00
   0.00000000e+00  0.00000000e+00  0.00000000e+00  0.00000000e+00
   0.00000000e+00  0.00000000e+00  0.00000000e+00  0.00000000e+00
   0.00000000e+00]
 [ 3.57634689e-01  1.28019139e-01 -3.55881572e-01 -2.29874489e-02
  -1.69855960e-01  2.77372881e-01  2.85855872e-01  7.35546104e-01
   0.00000000e+00  0.00000000e+00  0.00000000e+00  0.00000000e+00
   0.00000000e+00  0.00000000e+00  0.00000000e+00  0.00000000e+00
   0.00000000e+00  0.00000000e+00  0.00000000e+00  0.00000000e+00
   0.00000000e+00  0.00000000e+00  0.00000000e+00  0.00000000e+00
   0.00000000e+00  0.00000000e+00  0.00000000e+00  0.00000000e+00
   0.00000000e+00]
 [ 2.97760836e-03 -1.56843498e-01 -1.22441499e-01 -2.65841550e-01
   2.79059461e-01 -1.98034198e-01 -3.32662636e-01  3.43544580e-01
   7.37528689e-01  0.00000000e+00  0.00000000e+00  0.00000000e+00
   0.00000000e+00  0.00000000e+00  0.00000000e+00  0.00000000e+00
   0.00000000e+00  0.00000000e+00  0.00000000e+00  0.00000000e+00
   0.00000000e+00  0.00000000e+00  0.00000000e+00  0.00000000e+00
   0.00000000e+00  0.00000000e+00  0.00000000e+00  0.00000000e+00
   0.00000000e+00]
 [ 2.76864432e-01 -2.69319135e-01 -3.33062335e-01 -2.37253059e-01
   2.64758200e-01 -4.18928829e-01 -4.81765247e-02  2.30419741e-01
  -1.60079225e-01  5.97457862e-01  0.00000000e+00  0.00000000e+00
   0.00000000e+00  0.00000000e+00  0.00000000e+00  0.00000000e+00
   0.00000000e+00  0.00000000e+00  0.00000000e+00  0.00000000e+00
   0.00000000e+00  0.00000000e+00  0.00000000e+00  0.00000000e+00
   0.00000000e+00  0.00000000e+00  0.00000000e+00  0.00000000e+00
   0.00000000e+00]
 [-5.60490448e-02  3.78331961e-01 -3.59732205e-02 -3.19273780e-01
  -7.45567206e-02 -2.07517572e-01  3.12573585e-01  4.07586587e-01
   1.51401215e-01  3.13334952e-01  5.62975287e-01  0.00000000e+00
   0.00000000e+00  0.00000000e+00  0.00000000e+00  0.00000000e+00
   0.00000000e+00  0.00000000e+00  0.00000000e+00  0.00000000e+00
   0.00000000e+00  0.00000000e+00  0.00000000e+00  0.00000000e+00
   0.00000000e+00  0.00000000e+00  0.00000000e+00  0.00000000e+00
   0.00000000e+00]
 [-2.39673217e-01  2.51889421e-01  3.92007218e-01  1.94847467e-01
   6.02432889e-02 -3.91201853e-01  2.56831446e-01 -1.80785950e-01
   1.29394999e-01  1.94634713e-01 -1.83682628e-01  5.86339606e-01
   0.00000000e+00  0.00000000e+00  0.00000000e+00  0.00000000e+00
   0.00000000e+00  0.00000000e+00  0.00000000e+00  0.00000000e+00
   0.00000000e+00  0.00000000e+00  0.00000000e+00  0.00000000e+00
   0.00000000e+00  0.00000000e+00  0.00000000e+00  0.00000000e+00
   0.00000000e+00]
 [ 2.61033128e-01  3.71084033e-01  3.79487469e-02 -2.90019592e-01
   1.11199708e-01  3.04661815e-01 -1.11448274e-01 -2.29811252e-01
   2.07353590e-01  9.03628800e-02  1.14336404e-01  3.38869750e-01
   5.99268110e-01  0.00000000e+00  0.00000000e+00  0.00000000e+00
   0.00000000e+00  0.00000000e+00  0.00000000e+00  0.00000000e+00
   0.00000000e+00  0.00000000e+00  0.00000000e+00  0.00000000e+00
   0.00000000e+00  0.00000000e+00  0.00000000e+00  0.00000000e+00
   0.00000000e+00]
 [ 6.73615145e-02 -1.55909343e-01 -3.20552122e-01  2.44264397e-02
   3.10166923e-01 -3.88845492e-01 -1.58466808e-01  1.26409815e-01
  -3.06843747e-01 -2.57738512e-01 -2.84160212e-02  5.46117090e-02
   1.91658576e-01  6.14982713e-01  0.00000000e+00  0.00000000e+00
   0.00000000e+00  0.00000000e+00  0.00000000e+00  0.00000000e+00
   0.00000000e+00  0.00000000e+00  0.00000000e+00  0.00000000e+00
   0.00000000e+00  0.00000000e+00  0.00000000e+00  0.00000000e+00
   0.00000000e+00]
 [ 2.05992408e-02 -2.96786799e-01 -2.78244071e-01 -2.24770795e-01
   2.70494910e-01 -3.40101023e-01  3.26169625e-01  6.44143147e-02
  -2.09041983e-01  7.16945613e-02  9.42615782e-03 -1.68722525e-01
   2.27837802e-01 -2.38473410e-01  5.45898460e-01  0.00000000e+00
   0.00000000e+00  0.00000000e+00  0.00000000e+00  0.00000000e+00
   0.00000000e+00  0.00000000e+00  0.00000000e+00  0.00000000e+00
   0.00000000e+00  0.00000000e+00  0.00000000e+00  0.00000000e+00
   0.00000000e+00]
 [ 3.47392735e-01 -3.74439226e-02 -6.58736115e-02  2.39569546e-01
   3.43818157e-01 -3.75960658e-01 -7.44700039e-02  3.59121529e-01
   2.10150536e-01  2.65639322e-01 -3.10903867e-02  9.53528344e-02
  -1.08476643e-01 -9.63222588e-02 -2.11513347e-01  4.81188755e-01
   0.00000000e+00  0.00000000e+00  0.00000000e+00  0.00000000e+00
   0.00000000e+00  0.00000000e+00  0.00000000e+00  0.00000000e+00
   0.00000000e+00  0.00000000e+00  0.00000000e+00  0.00000000e+00
   0.00000000e+00]
 [ 2.95101811e-01 -1.87430808e-01 -5.27265841e-02 -1.60788205e-01
  -3.13865225e-01 -3.77846283e-01 -2.86361399e-01  1.13484978e-01
   2.98044930e-01 -2.60223887e-01 -1.46293118e-01 -3.28437874e-02
  -2.48443379e-01 -6.54184126e-02 -1.66432272e-01  1.34181367e-01
   4.71439418e-01  0.00000000e+00  0.00000000e+00  0.00000000e+00
   0.00000000e+00  0.00000000e+00  0.00000000e+00  0.00000000e+00
   0.00000000e+00  0.00000000e+00  0.00000000e+00  0.00000000e+00
   0.00000000e+00]
 [-3.38214642e-02 -2.26487444e-01 -3.48003016e-01 -1.97965631e-01
   2.06014986e-01 -3.11035317e-01 -2.78591579e-01 -2.01905470e-01
   1.41254605e-01  2.80279519e-01  2.29284019e-01  1.01126837e-01
  -5.89288548e-02 -1.01809026e-01 -2.40890048e-01  2.35731097e-01
  -6.64241378e-02  4.86358444e-01  0.00000000e+00  0.00000000e+00
   0.00000000e+00  0.00000000e+00  0.00000000e+00  0.00000000e+00
   0.00000000e+00  0.00000000e+00  0.00000000e+00  0.00000000e+00
   0.00000000e+00]
 [ 3.65249119e-01 -1.37408559e-01 -3.58743632e-01 -3.37452936e-01
   1.44026350e-01  8.68870017e-02 -3.00206590e-01 -1.44291493e-01
   1.23518226e-01 -1.94008965e-01  2.24543068e-01  8.36065537e-02
   2.44776993e-01 -1.11491342e-01  1.62416491e-01 -7.24557543e-02
   2.02653407e-01 -1.77144181e-01  4.23289654e-01  0.00000000e+00
   0.00000000e+00  0.00000000e+00  0.00000000e+00  0.00000000e+00
   0.00000000e+00  0.00000000e+00  0.00000000e+00  0.00000000e+00
   0.00000000e+00]
 [ 3.45404079e-01 -1.79180693e-01 -1.48146244e-01 -1.32709191e-01
   3.62707086e-01 -4.05589712e-01  3.10768603e-01 -1.07446177e-01
   6.82048273e-02 -9.27310328e-03 -6.27496073e-02 -2.91064559e-01
  -1.77869645e-01 -1.62273709e-02  6.92062892e-03  6.26967292e-02
  -2.10915616e-01  1.42310517e-01 -2.01670263e-01  4.12513933e-01
   0.00000000e+00  0.00000000e+00  0.00000000e+00  0.00000000e+00
   0.00000000e+00  0.00000000e+00  0.00000000e+00  0.00000000e+00
   0.00000000e+00]
 [-7.94879616e-02  3.09937786e-01 -1.17829662e-01 -2.89806354e-01
  -2.11342311e-01  2.93368428e-01 -2.18472892e-01  2.85224674e-01
   1.24835386e-01 -2.27402364e-01  2.57615963e-01  1.31033628e-01
  -1.38435905e-01  2.76452593e-01  6.51051610e-02  2.07087359e-02
   2.15244940e-01 -1.75279786e-01  2.00754031e-01  4.47550100e-02
   4.11687261e-01  0.00000000e+00  0.00000000e+00  0.00000000e+00
   0.00000000e+00  0.00000000e+00  0.00000000e+00  0.00000000e+00
   0.00000000e+00]
 [-3.97255663e-01 -4.33538313e-02  8.31080941e-02  7.15369593e-02
  -3.92220220e-01  4.23786217e-01  8.41856304e-04  2.51073440e-01
   7.19851913e-02  1.32146964e-01 -2.14048599e-01  3.31981051e-02
  -1.23859033e-02 -1.84088959e-01 -1.63469998e-01 -5.32340378e-02
  -2.06326415e-03 -1.04052548e-01 -2.27928998e-01  1.64188777e-01
  -1.93600731e-01  4.14040787e-01  0.00000000e+00  0.00000000e+00
   0.00000000e+00  0.00000000e+00  0.00000000e+00  0.00000000e+00
   0.00000000e+00]
 [-2.26528451e-01  2.37342663e-01 -3.65315715e-01 -1.22327731e-01
   1.91376805e-01  2.82440509e-01  2.70180157e-01 -2.96333550e-01
   1.75916940e-01 -5.19719732e-02  5.46670255e-02 -1.88449387e-01
  -1.40080137e-01 -1.67738933e-01 -2.22336537e-01  1.15524503e-01
   1.94739702e-01  1.29792410e-01 -1.84142927e-01 -1.61374266e-01
   1.01925709e-01 -1.73977525e-01  3.58692611e-01  0.00000000e+00
   0.00000000e+00  0.00000000e+00  0.00000000e+00  0.00000000e+00
   0.00000000e+00]
 [-7.66198705e-02 -2.40712434e-01 -3.77778325e-01 -9.94811414e-02
  -1.10230174e-01  2.54811859e-01 -2.68556051e-01 -2.94612666e-01
  -2.30033568e-01 -2.19960440e-01  2.21208828e-01 -7.58593470e-03
  -5.79080847e-02  1.55107178e-01  2.16604614e-01 -2.19579647e-01
  -1.42528220e-01 -2.16373664e-01  1.29618181e-02  3.92140623e-02
   1.41331744e-01 -1.59757476e-01 -1.67490385e-01  3.63805123e-01
   0.00000000e+00  0.00000000e+00  0.00000000e+00  0.00000000e+00
   0.00000000e+00]
 [-1.76948509e-01 -1.86971903e-01 -1.78646231e-01 -1.94464949e-01
  -1.44745032e-01  3.18781010e-01  3.17575784e-01  3.98911235e-01
  -2.09118119e-01  2.32815958e-01 -1.49012050e-01  5.40364027e-02
   6.36196561e-02 -3.01190344e-02 -1.18001654e-01  8.66949541e-02
  -1.29623890e-01 -2.00897762e-01 -1.96673189e-01  2.12677484e-01
  -9.00921929e-02  5.25372660e-02 -1.30054779e-01  1.56818782e-01
   3.72198826e-01  0.00000000e+00  0.00000000e+00  0.00000000e+00
   0.00000000e+00]
 [ 1.30648437e-01  3.49845979e-01 -2.76005272e-01 -1.73551009e-01
   2.07582251e-01  3.78958528e-01  1.60155871e-01 -1.74137422e-01
   1.14434450e-02 -2.65110196e-01 -2.48174752e-01 -1.93582806e-01
  -2.54256502e-01 -1.89025038e-01  5.00266960e-02 -4.83630641e-02
   2.14270429e-01  8.75884659e-02 -2.52671005e-02 -8.42137229e-02
   1.65737649e-01  1.14188218e-01  7.12373940e-02 -1.08612377e-01
  -1.11127346e-01  3.25308762e-01  0.00000000e+00  0.00000000e+00
   0.00000000e+00]
 [-2.83842874e-01 -2.35955172e-01 -3.00809735e-01 -1.56328145e-01
   2.09125720e-01 -2.87988545e-01 -1.61185136e-01 -3.04680124e-01
  -2.89100134e-01  1.98335456e-01 -1.30615374e-01 -1.02129860e-01
  -3.77188159e-02 -2.22461406e-01 -1.99756246e-01  1.41456208e-01
  -4.46064616e-02 -1.85459531e-01  2.50038112e-02 -1.55828057e-01
  -1.06655609e-02 -1.50376344e-01 -1.92269992e-01 -1.01480720e-01
   8.30493830e-02  8.17601105e-02  3.11854971e-01  0.00000000e+00
   0.00000000e+00]
 [-3.30221349e-01  1.97234463e-01  1.79131412e-01 -1.88285545e-01
   4.20082091e-01 -4.19833610e-02  3.34353398e-02  3.87672217e-01
   2.29580623e-01  1.91551162e-01  7.73601488e-02  2.01965181e-01
  -1.41400008e-01 -1.07440162e-01 -7.23608209e-02  1.17599931e-01
   1.60611178e-01  5.87213627e-02 -1.02634983e-01 -6.72142270e-02
  -3.77722238e-02  6.06014186e-02 -2.11094514e-01 -1.04786590e-01
   1.27861553e-01 -6.63820717e-02 -1.36612024e-01  3.51770699e-01
   0.00000000e+00]
 [ 1.98011180e-01 -2.57306882e-01  2.06831308e-01 -1.68651574e-01
   1.67862524e-01 -4.14483226e-01  3.60782576e-01 -4.23834256e-02
   1.72866253e-01 -1.03311178e-01 -1.66911181e-01 -2.05594579e-01
   1.93196611e-01  2.02896775e-01 -1.63792175e-01 -1.87815353e-01
   2.66571602e-02  4.40102405e-02  1.72481463e-01  1.29179041e-01
   1.22776734e-01 -8.27428630e-02 -1.07600458e-01 -1.68041610e-01
  -7.55828850e-03  1.31315755e-01 -4.74178011e-02 -1.09613725e-01
   3.12671024e-01]],
NSM =
0.06584546339820724