Lattice =
[[ 1.00000000e+00  0.00000000e+00  0.00000000e+00  0.00000000e+00  0.00000000e+00  0.00000000e+00  0.00000000e+00  0.00000000e+00 0.00000000e+00  0.00000000e+00]
 [-4.73409299e-01  8.80842571e-01  0.00000000e+00  0.00000000e+00  0.00000000e+00  0.00000000e+00  0.00000000e+00  0.00000000e+00  0.00000000e+00  0.00000000e+00]
 [ 4.76513962e-01 -3.09950942e-01  8.22717970e-01  0.00000000e+00  0.00000000e+00  0.00000000e+00  0.00000000e+00  0.00000000e+00  0.00000000e+00  0.00000000e+00]
 [-4.82757268e-01 -3.17242248e-01 -4.09423174e-01  7.06169555e-01  0.00000000e+00  0.00000000e+00  0.00000000e+00  0.00000000e+00  0.00000000e+00  0.00000000e+00]
 [-4.78432797e-01  3.22722629e-01 -2.09472779e-01 -3.52190424e-01 7.06424251e-01  0.00000000e+00  0.00000000e+00  0.00000000e+00 0.00000000e+00  0.00000000e+00]
 [ 4.75104923e-01 -3.33240593e-01  2.17110916e-01  3.37022185e-01  1.25982429e-02  7.08763854e-01  0.00000000e+00  0.00000000e+00  0.00000000e+00  0.00000000e+00]
 [-4.31880146e-01 -2.76221129e-01 -3.65207677e-01 -1.42403105e-02 -3.13911332e-01  3.18815281e-01  6.35152332e-01  0.00000000e+00  0.00000000e+00  0.00000000e+00]
 [-4.83078222e-01 -3.19597574e-01  2.11202132e-01  3.45265444e-01 -2.06176990e-03 -3.20109472e-04  3.52097899e-01  6.13759701e-01  0.00000000e+00  0.00000000e+00]
 [ 4.36975522e-01 -2.56196037e-01  1.83034256e-01 -3.11033246e-01  3.11337423e-01 -3.21620979e-01 -3.19968566e-01 -1.89883737e-01  5.23799583e-01  0.00000000e+00]
 [-4.38278952e-01 -2.41505896e-01  1.83091397e-01 -3.07599476e-01  3.20590806e-01 -3.21132750e-01 -3.19177019e-01 -1.82748033e-01 -2.61117620e-01  4.60530816e-01]],
NSM =
0.0708384980393832