Lattice =
[[ 1.00000000e+00  0.00000000e+00  0.00000000e+00  0.00000000e+00
   0.00000000e+00  0.00000000e+00  0.00000000e+00  0.00000000e+00]
 [ 4.86745322e-01  8.73543927e-01  0.00000000e+00  0.00000000e+00
   0.00000000e+00  0.00000000e+00  0.00000000e+00  0.00000000e+00]
 [ 4.84218833e-01 -2.99695181e-01  8.22018808e-01  0.00000000e+00
   0.00000000e+00  0.00000000e+00  0.00000000e+00  0.00000000e+00]
 [-4.91048261e-01 -2.88837749e-01 -4.10708738e-01  7.11872666e-01
   0.00000000e+00  0.00000000e+00  0.00000000e+00  0.00000000e+00]
 [-4.91340032e-01 -2.93408485e-01  2.07870661e-01  3.55251254e-01
   7.09283278e-01  0.00000000e+00  0.00000000e+00  0.00000000e+00]
 [ 4.88777402e-01 -2.96645526e-01  2.03932316e-01 -3.53521371e-01
  -3.54005642e-01  6.17423954e-01  0.00000000e+00  0.00000000e+00]
 [-4.85606026e-01 -2.91782082e-01 -4.13013866e-01  9.97421740e-05
   3.53434592e-01 -2.09434506e-01  5.82829922e-01  0.00000000e+00]
 [ 4.92742962e-01  2.99533159e-01 -2.03015659e-01  3.53865020e-01
   3.52419822e-01  2.02600590e-01  2.88156199e-01  5.02760108e-01]],
NSM =
0.0716432829221913