Lattice =
[[ 1.00000000e+00  0.00000000e+00  0.00000000e+00  0.00000000e+00
   0.00000000e+00  0.00000000e+00  0.00000000e+00  0.00000000e+00
   0.00000000e+00  0.00000000e+00  0.00000000e+00  0.00000000e+00
   0.00000000e+00  0.00000000e+00  0.00000000e+00  0.00000000e+00
   0.00000000e+00  0.00000000e+00  0.00000000e+00  0.00000000e+00
   0.00000000e+00  0.00000000e+00  0.00000000e+00  0.00000000e+00
   0.00000000e+00  0.00000000e+00  0.00000000e+00  0.00000000e+00
   0.00000000e+00  0.00000000e+00  0.00000000e+00]
 [ 2.50239490e-01  9.68183969e-01  0.00000000e+00  0.00000000e+00
   0.00000000e+00  0.00000000e+00  0.00000000e+00  0.00000000e+00
   0.00000000e+00  0.00000000e+00  0.00000000e+00  0.00000000e+00
   0.00000000e+00  0.00000000e+00  0.00000000e+00  0.00000000e+00
   0.00000000e+00  0.00000000e+00  0.00000000e+00  0.00000000e+00
   0.00000000e+00  0.00000000e+00  0.00000000e+00  0.00000000e+00
   0.00000000e+00  0.00000000e+00  0.00000000e+00  0.00000000e+00
   0.00000000e+00  0.00000000e+00  0.00000000e+00]
 [-3.85129375e-01  2.34450805e-01  8.92585114e-01  0.00000000e+00
   0.00000000e+00  0.00000000e+00  0.00000000e+00  0.00000000e+00
   0.00000000e+00  0.00000000e+00  0.00000000e+00  0.00000000e+00
   0.00000000e+00  0.00000000e+00  0.00000000e+00  0.00000000e+00
   0.00000000e+00  0.00000000e+00  0.00000000e+00  0.00000000e+00
   0.00000000e+00  0.00000000e+00  0.00000000e+00  0.00000000e+00
   0.00000000e+00  0.00000000e+00  0.00000000e+00  0.00000000e+00
   0.00000000e+00  0.00000000e+00  0.00000000e+00]
 [-3.98062630e-01 -2.28081536e-01  2.70385403e-01  8.46414017e-01
   0.00000000e+00  0.00000000e+00  0.00000000e+00  0.00000000e+00
   0.00000000e+00  0.00000000e+00  0.00000000e+00  0.00000000e+00
   0.00000000e+00  0.00000000e+00  0.00000000e+00  0.00000000e+00
   0.00000000e+00  0.00000000e+00  0.00000000e+00  0.00000000e+00
   0.00000000e+00  0.00000000e+00  0.00000000e+00  0.00000000e+00
   0.00000000e+00  0.00000000e+00  0.00000000e+00  0.00000000e+00
   0.00000000e+00  0.00000000e+00  0.00000000e+00]
 [ 3.11820004e-01 -4.01378318e-01 -2.15762245e-01 -3.52466146e-01
   7.55564690e-01  0.00000000e+00  0.00000000e+00  0.00000000e+00
   0.00000000e+00  0.00000000e+00  0.00000000e+00  0.00000000e+00
   0.00000000e+00  0.00000000e+00  0.00000000e+00  0.00000000e+00
   0.00000000e+00  0.00000000e+00  0.00000000e+00  0.00000000e+00
   0.00000000e+00  0.00000000e+00  0.00000000e+00  0.00000000e+00
   0.00000000e+00  0.00000000e+00  0.00000000e+00  0.00000000e+00
   0.00000000e+00  0.00000000e+00  0.00000000e+00]
 [ 8.96962335e-02  8.43009084e-02 -4.04624039e-02 -4.33509281e-01
  -3.93127866e-01  8.00456695e-01  0.00000000e+00  0.00000000e+00
   0.00000000e+00  0.00000000e+00  0.00000000e+00  0.00000000e+00
   0.00000000e+00  0.00000000e+00  0.00000000e+00  0.00000000e+00
   0.00000000e+00  0.00000000e+00  0.00000000e+00  0.00000000e+00
   0.00000000e+00  0.00000000e+00  0.00000000e+00  0.00000000e+00
   0.00000000e+00  0.00000000e+00  0.00000000e+00  0.00000000e+00
   0.00000000e+00  0.00000000e+00  0.00000000e+00]
 [-1.45554815e-01 -2.87153536e-02 -3.90439442e-01  2.33068148e-01
  -2.69858621e-01 -3.67463073e-01  7.50581587e-01  0.00000000e+00
   0.00000000e+00  0.00000000e+00  0.00000000e+00  0.00000000e+00
   0.00000000e+00  0.00000000e+00  0.00000000e+00  0.00000000e+00
   0.00000000e+00  0.00000000e+00  0.00000000e+00  0.00000000e+00
   0.00000000e+00  0.00000000e+00  0.00000000e+00  0.00000000e+00
   0.00000000e+00  0.00000000e+00  0.00000000e+00  0.00000000e+00
   0.00000000e+00  0.00000000e+00  0.00000000e+00]
 [-1.05663426e-01 -2.58672226e-01  3.99279863e-01  3.10168481e-01
  -9.59399066e-02  9.19183687e-02  3.02152283e-01  7.46555805e-01
   0.00000000e+00  0.00000000e+00  0.00000000e+00  0.00000000e+00
   0.00000000e+00  0.00000000e+00  0.00000000e+00  0.00000000e+00
   0.00000000e+00  0.00000000e+00  0.00000000e+00  0.00000000e+00
   0.00000000e+00  0.00000000e+00  0.00000000e+00  0.00000000e+00
   0.00000000e+00  0.00000000e+00  0.00000000e+00  0.00000000e+00
   0.00000000e+00  0.00000000e+00  0.00000000e+00]
 [ 1.73990845e-01 -8.47399981e-02  3.14920179e-01 -2.56542528e-01
   1.26224701e-01 -3.15616357e-01 -2.63312988e-01  1.64749501e-01
   7.65202616e-01  0.00000000e+00  0.00000000e+00  0.00000000e+00
   0.00000000e+00  0.00000000e+00  0.00000000e+00  0.00000000e+00
   0.00000000e+00  0.00000000e+00  0.00000000e+00  0.00000000e+00
   0.00000000e+00  0.00000000e+00  0.00000000e+00  0.00000000e+00
   0.00000000e+00  0.00000000e+00  0.00000000e+00  0.00000000e+00
   0.00000000e+00  0.00000000e+00  0.00000000e+00]
 [-3.13961473e-01  2.03892694e-01  2.93084429e-01  3.68140642e-02
   3.19526897e-01 -2.50659816e-01  1.65774675e-02  3.60556354e-01
  -3.59538356e-01  5.90026184e-01  0.00000000e+00  0.00000000e+00
   0.00000000e+00  0.00000000e+00  0.00000000e+00  0.00000000e+00
   0.00000000e+00  0.00000000e+00  0.00000000e+00  0.00000000e+00
   0.00000000e+00  0.00000000e+00  0.00000000e+00  0.00000000e+00
   0.00000000e+00  0.00000000e+00  0.00000000e+00  0.00000000e+00
   0.00000000e+00  0.00000000e+00  0.00000000e+00]
 [ 3.18771352e-01  3.50214762e-01  2.60972682e-01 -3.36148559e-03
  -2.66724924e-01  3.92922652e-02 -2.18139848e-01 -2.18064481e-03
   3.32766226e-01  2.12191787e-01  6.56948913e-01  0.00000000e+00
   0.00000000e+00  0.00000000e+00  0.00000000e+00  0.00000000e+00
   0.00000000e+00  0.00000000e+00  0.00000000e+00  0.00000000e+00
   0.00000000e+00  0.00000000e+00  0.00000000e+00  0.00000000e+00
   0.00000000e+00  0.00000000e+00  0.00000000e+00  0.00000000e+00
   0.00000000e+00  0.00000000e+00  0.00000000e+00]
 [ 1.67659839e-01 -1.78255094e-01 -1.36036507e-01 -9.32962751e-02
   3.42002623e-01 -1.84008807e-01 -2.75262908e-01  1.77402021e-01
  -1.41525763e-01 -3.04165503e-01 -3.36361066e-01  6.55098490e-01
   0.00000000e+00  0.00000000e+00  0.00000000e+00  0.00000000e+00
   0.00000000e+00  0.00000000e+00  0.00000000e+00  0.00000000e+00
   0.00000000e+00  0.00000000e+00  0.00000000e+00  0.00000000e+00
   0.00000000e+00  0.00000000e+00  0.00000000e+00  0.00000000e+00
   0.00000000e+00  0.00000000e+00  0.00000000e+00]
 [ 3.15831174e-03 -2.38195496e-01  1.56835914e-01  3.68426012e-01
   2.11375244e-01  1.56354332e-01 -2.25091460e-02  3.37898687e-02
   1.10484869e-01 -6.18926295e-02  3.51228522e-01 -6.00437652e-02
   7.54412872e-01  0.00000000e+00  0.00000000e+00  0.00000000e+00
   0.00000000e+00  0.00000000e+00  0.00000000e+00  0.00000000e+00
   0.00000000e+00  0.00000000e+00  0.00000000e+00  0.00000000e+00
   0.00000000e+00  0.00000000e+00  0.00000000e+00  0.00000000e+00
   0.00000000e+00  0.00000000e+00  0.00000000e+00]
 [ 2.13084999e-01  3.19955190e-01  1.69646306e-01  1.35174829e-01
   1.82849702e-01 -2.78766034e-01 -5.56503740e-02 -3.39463063e-01
  -2.92188005e-01  2.30125532e-02  1.19955496e-01 -2.72089556e-01
   2.23371402e-01  5.92852821e-01  0.00000000e+00  0.00000000e+00
   0.00000000e+00  0.00000000e+00  0.00000000e+00  0.00000000e+00
   0.00000000e+00  0.00000000e+00  0.00000000e+00  0.00000000e+00
   0.00000000e+00  0.00000000e+00  0.00000000e+00  0.00000000e+00
   0.00000000e+00  0.00000000e+00  0.00000000e+00]
 [ 1.00136827e-02 -1.73747823e-01  3.09097174e-01 -3.35067378e-01
  -6.02967812e-02  2.95894659e-01 -3.12846400e-01 -2.31202334e-01
   4.13413558e-02  1.59150074e-01 -2.10482877e-01  9.76448845e-02
   2.55475467e-01  2.24295774e-01  5.68270835e-01  0.00000000e+00
   0.00000000e+00  0.00000000e+00  0.00000000e+00  0.00000000e+00
   0.00000000e+00  0.00000000e+00  0.00000000e+00  0.00000000e+00
   0.00000000e+00  0.00000000e+00  0.00000000e+00  0.00000000e+00
   0.00000000e+00  0.00000000e+00  0.00000000e+00]
 [ 2.90663663e-01 -1.24555178e-01 -1.52562690e-01 -8.21580944e-02
  -3.20786392e-01  1.26814286e-01  2.08929071e-01 -2.20653801e-01
   4.71153879e-02  1.72338957e-02  1.41946822e-01 -1.80319106e-01
  -3.58449850e-01  2.92164397e-01 -2.69560673e-01  5.62992054e-01
   0.00000000e+00  0.00000000e+00  0.00000000e+00  0.00000000e+00
   0.00000000e+00  0.00000000e+00  0.00000000e+00  0.00000000e+00
   0.00000000e+00  0.00000000e+00  0.00000000e+00  0.00000000e+00
   0.00000000e+00  0.00000000e+00  0.00000000e+00]
 [ 2.85095495e-01  1.42506608e-01 -3.05475894e-01 -3.70184584e-01
   2.63866035e-01 -1.81121407e-01  5.82227851e-02 -7.52792383e-02
   3.89959868e-01  4.82335483e-02  2.93075453e-01  4.92226415e-02
  -1.99306664e-01  1.02258304e-01 -1.04274669e-01  1.38788190e-01
   4.83266628e-01  0.00000000e+00  0.00000000e+00  0.00000000e+00
   0.00000000e+00  0.00000000e+00  0.00000000e+00  0.00000000e+00
   0.00000000e+00  0.00000000e+00  0.00000000e+00  0.00000000e+00
   0.00000000e+00  0.00000000e+00  0.00000000e+00]
 [-6.40423116e-02  4.44316291e-01 -1.88889418e-01 -3.70271203e-02
   2.07880478e-03 -1.97323570e-01  1.70224062e-01  1.59283882e-01
   1.75010203e-01 -2.37151980e-01 -2.24922730e-01 -5.32526001e-02
  -2.59132549e-01 -2.89133653e-01 -2.55207178e-01  9.77989886e-02
   2.15267959e-01  5.06027275e-01  0.00000000e+00  0.00000000e+00
   0.00000000e+00  0.00000000e+00  0.00000000e+00  0.00000000e+00
   0.00000000e+00  0.00000000e+00  0.00000000e+00  0.00000000e+00
   0.00000000e+00  0.00000000e+00  0.00000000e+00]
 [ 3.04824402e-01  3.13840219e-01  1.09171147e-01 -3.19826544e-01
  -8.53928717e-03 -2.91568683e-01  2.31267589e-01 -2.52829530e-03
  -2.72316866e-01 -2.66597721e-01  1.41873854e-01  2.34339414e-01
   3.09482480e-01 -9.14170903e-02  5.12039453e-02  1.88968039e-01
  -2.86287565e-02 -1.21503567e-01  4.21282316e-01  0.00000000e+00
   0.00000000e+00  0.00000000e+00  0.00000000e+00  0.00000000e+00
   0.00000000e+00  0.00000000e+00  0.00000000e+00  0.00000000e+00
   0.00000000e+00  0.00000000e+00  0.00000000e+00]
 [-9.04634705e-02 -4.16811799e-01  2.04058283e-01  2.90747894e-01
   7.74670665e-05  7.06771604e-02  3.88659074e-02 -3.80153517e-01
   1.19488855e-01  1.63440356e-01  3.18700408e-01 -2.53080413e-01
   1.33849240e-01  1.72732402e-01 -2.01182209e-02  1.19555612e-01
   1.45382840e-01  2.33162139e-01  1.90822921e-01  3.99891399e-01
   0.00000000e+00  0.00000000e+00  0.00000000e+00  0.00000000e+00
   0.00000000e+00  0.00000000e+00  0.00000000e+00  0.00000000e+00
   0.00000000e+00  0.00000000e+00  0.00000000e+00]
 [ 2.36432984e-01  2.75354825e-01 -1.81001001e-01 -1.36673161e-01
  -7.13674059e-02  2.61381410e-02  2.66517245e-01 -5.84084451e-02
  -4.06635049e-01  8.84431201e-02 -1.84176589e-01 -6.32618984e-02
   2.24267309e-01  3.02542966e-01  3.14766830e-01 -2.59258903e-01
   7.23016548e-02 -4.35826454e-02  1.55328967e-02 -1.49689871e-01
   4.33156677e-01  0.00000000e+00  0.00000000e+00  0.00000000e+00
   0.00000000e+00  0.00000000e+00  0.00000000e+00  0.00000000e+00
   0.00000000e+00  0.00000000e+00  0.00000000e+00]
 [ 1.77242076e-01 -4.17827673e-01  2.75001151e-01  2.97246347e-01
   3.12282634e-01 -8.91878836e-02 -1.20937572e-01 -5.65477344e-02
  -3.46981139e-01 -4.08036657e-02 -6.52198986e-02 -6.06289685e-02
   1.49593569e-01 -2.28616926e-01 -2.15694376e-01  9.94798788e-02
   1.35924056e-01  7.58164955e-02 -1.30084120e-02 -9.74222049e-02
   1.85674842e-01  4.21084612e-01  0.00000000e+00  0.00000000e+00
   0.00000000e+00  0.00000000e+00  0.00000000e+00  0.00000000e+00
   0.00000000e+00  0.00000000e+00  0.00000000e+00]
 [ 1.97789347e-01 -3.59861188e-01 -2.17926852e-01 -5.75019067e-02
  -8.14690034e-02  2.53896068e-01 -1.28803986e-01  3.29424562e-01
  -2.19796858e-01  2.24668067e-01  2.75937257e-01  1.65678048e-01
  -7.86460263e-02  2.62690358e-01  2.26880758e-01  4.83253502e-03
   2.03167174e-01  1.94409747e-01  1.46888455e-02 -4.74584064e-02
  -1.45863055e-01  1.17112712e-01  3.72519970e-01  0.00000000e+00
   0.00000000e+00  0.00000000e+00  0.00000000e+00  0.00000000e+00
   0.00000000e+00  0.00000000e+00  0.00000000e+00]
 [-2.58446620e-01 -1.01647144e-02  1.26298392e-01  3.21139778e-01
   3.11864467e-01  1.63251404e-01 -1.98004061e-01  3.50185580e-01
   2.85676553e-01  2.13083919e-01 -1.54178088e-01 -1.24053266e-01
   2.10499215e-01  2.86772238e-01 -1.12336327e-01 -1.22877102e-01
  -4.31193877e-02  1.00127512e-02 -2.08816145e-01  2.00424746e-02
  -9.94545219e-02  1.58422193e-01 -1.88004505e-02  3.55701959e-01
   0.00000000e+00  0.00000000e+00  0.00000000e+00  0.00000000e+00
   0.00000000e+00  0.00000000e+00  0.00000000e+00]
 [-2.92870036e-01 -4.11140971e-01 -3.00499585e-01  1.96489716e-01
  -2.75418869e-01  1.70790717e-01 -5.81566802e-02 -2.08244564e-01
  -3.34386493e-01  1.73037001e-02  2.48595060e-01  1.72951512e-01
   1.84844660e-01 -2.56267689e-01  3.90253048e-02 -8.13265180e-02
  -2.51211313e-02 -3.06143945e-02 -5.88566701e-02  6.79914475e-02
   1.00649160e-01  7.75567804e-03  8.05309629e-02 -4.49623874e-02
   3.52637737e-01  0.00000000e+00  0.00000000e+00  0.00000000e+00
   0.00000000e+00  0.00000000e+00  0.00000000e+00]
 [ 4.91558718e-02  4.59382252e-01 -2.39836773e-01 -8.61712457e-02
  -2.68592018e-01  3.63086356e-02  4.77560267e-03  4.39591587e-02
  -2.08347991e-01 -2.57437164e-01 -2.26954853e-01 -2.15749355e-01
   4.17906242e-02 -1.78825367e-01 -2.63713831e-01  6.29726291e-03
   2.56660048e-01  1.10437049e-01 -1.13894059e-01  1.11541378e-01
   1.31093588e-01 -1.92525938e-02 -2.00815530e-01  1.26663770e-01
   1.37682338e-01  3.72522944e-01  0.00000000e+00  0.00000000e+00
   0.00000000e+00  0.00000000e+00  0.00000000e+00]
 [ 1.18373728e-01  3.59720916e-01  1.99538274e-01  3.23953881e-01
   2.70790916e-01 -3.67642982e-02 -1.06944110e-01 -1.96849958e-01
   3.91220166e-02  1.02541069e-01  1.18154462e-01  2.98638523e-01
  -3.75690950e-01 -1.80534658e-01 -2.48713825e-01 -4.56554350e-02
  -2.26608466e-01 -7.20338368e-02  1.09633162e-01 -1.28588200e-01
  -1.80890918e-01  5.12368390e-02  7.09561582e-02  5.03015974e-03
  -2.44493366e-02  1.34326423e-01  2.99912845e-01  0.00000000e+00
   0.00000000e+00  0.00000000e+00  0.00000000e+00]
 [-3.65463750e-01 -2.22641479e-01 -3.83533838e-02  1.98188993e-01
  -1.77392994e-01 -1.43522569e-01  1.01939893e-01  1.24799254e-01
   1.70102820e-01  2.52288280e-01  2.97080270e-01  2.08058491e-01
   1.75478132e-03  1.26029643e-01 -2.78547215e-01  2.28513696e-01
   1.41148442e-01 -1.77753529e-01  5.78606288e-03  6.54103140e-02
   1.23876429e-01  1.59869169e-01  1.66323390e-01  6.86903938e-02
   1.57957550e-01  1.59791825e-01 -1.18683475e-01  3.66843635e-01
   0.00000000e+00  0.00000000e+00  0.00000000e+00]
 [-3.40496790e-01  3.01709650e-01 -3.23164198e-01  8.54169702e-02
  -3.20510248e-01 -2.12393461e-02 -8.79666636e-03 -2.67616550e-01
  -3.29025461e-02  1.43116255e-01 -5.55337317e-03  1.95800653e-02
   3.47461136e-01 -1.24533194e-01 -2.03261020e-01 -2.12017006e-01
  -2.16031398e-01 -1.02338241e-01  1.41863389e-01 -1.45119497e-02
   1.69611152e-01  5.31626392e-02 -3.31899726e-02  1.20397527e-01
   1.02379920e-01 -9.92586612e-02 -3.79453519e-02 -1.47775715e-01
   3.06045389e-01  0.00000000e+00  0.00000000e+00]
 [-2.88949548e-01 -3.21780089e-01  1.57738058e-01  3.14764379e-01
   7.45722772e-02 -3.72325824e-02 -8.33428867e-02  2.60520474e-01
  -1.57026328e-01 -2.51748817e-01  1.92784035e-01  2.51812490e-01
   2.21026284e-01 -1.10332556e-01  1.16291021e-01 -2.10049108e-01
   2.03997271e-01  2.08505172e-01  2.78094092e-02  1.30328366e-01
  -1.06622105e-01  1.38347876e-01 -1.67855448e-01 -1.41535874e-01
  -1.35372570e-01 -5.04702042e-03  7.53273135e-02  1.42931513e-01
   1.23207716e-01  2.42413160e-01  0.00000000e+00]
 [-2.33100228e-01  2.62146578e-03  3.18322689e-01 -1.58259090e-01
  -1.37104327e-01 -1.61789688e-01  1.84922507e-01 -2.30949642e-01
  -2.04176681e-01 -5.73669776e-02 -3.12051305e-01 -2.78410340e-01
   3.35567218e-01  7.03137979e-02 -2.69788954e-01 -1.77652562e-01
   1.31860941e-01 -2.42769153e-02  6.74806227e-02  1.38571084e-01
  -1.57118199e-02  5.78427253e-02 -1.33284642e-01 -1.34898507e-01
   1.69566551e-01  1.18268127e-01  1.39967614e-01 -1.18298436e-01
   4.52565026e-02  3.09705622e-02  2.90501289e-01]],
NSM =
0.06544695371375354