Lattice =
[[ 1.00000000e+00  0.00000000e+00  0.00000000e+00  0.00000000e+00
   0.00000000e+00  0.00000000e+00  0.00000000e+00  0.00000000e+00
   0.00000000e+00  0.00000000e+00  0.00000000e+00  0.00000000e+00]
 [-4.67074298e-01  8.84218073e-01  0.00000000e+00  0.00000000e+00
   0.00000000e+00  0.00000000e+00  0.00000000e+00  0.00000000e+00
   0.00000000e+00  0.00000000e+00  0.00000000e+00  0.00000000e+00]
 [-4.82507540e-01  2.88968720e-01  8.26851590e-01  0.00000000e+00
   0.00000000e+00  0.00000000e+00  0.00000000e+00  0.00000000e+00
   0.00000000e+00  0.00000000e+00  0.00000000e+00  0.00000000e+00]
 [-4.86425852e-01  2.87749320e-01 -3.97234362e-01  7.23045698e-01
   0.00000000e+00  0.00000000e+00  0.00000000e+00  0.00000000e+00
   0.00000000e+00  0.00000000e+00  0.00000000e+00  0.00000000e+00]
 [-2.07210360e-02 -4.11204459e-01  2.52025038e-01  3.06663618e-01
   8.20318436e-01  0.00000000e+00  0.00000000e+00  0.00000000e+00
   0.00000000e+00  0.00000000e+00  0.00000000e+00  0.00000000e+00]
 [-4.23547502e-01  3.00233492e-01 -3.44616966e-01  1.15298520e-02
   2.78943350e-01  7.30591665e-01  0.00000000e+00  0.00000000e+00
   0.00000000e+00  0.00000000e+00  0.00000000e+00  0.00000000e+00]
 [-4.09885784e-01 -3.09251238e-01  3.59527030e-01 -2.68931535e-02
  -2.58580568e-01  3.35256958e-01  6.53539020e-01  0.00000000e+00
   0.00000000e+00  0.00000000e+00  0.00000000e+00  0.00000000e+00]
 [ 4.49959078e-01 -3.50342486e-01 -1.17531053e-01 -2.12885066e-01
   2.79600471e-01  1.89229016e-01 -3.05068941e-01  6.39227869e-01
   0.00000000e+00  0.00000000e+00  0.00000000e+00  0.00000000e+00]
 [-4.55732333e-01  4.23551050e-02 -3.34332282e-01  1.54791630e-01
  -2.46193576e-01  3.57168309e-01  2.34582317e-02  3.23387494e-01
   6.01219864e-01  0.00000000e+00  0.00000000e+00  0.00000000e+00]
 [ 4.86760849e-01 -2.93763789e-01 -2.09336813e-01 -3.58242132e-01
   4.67573202e-02  2.99681772e-01  1.45864836e-01  1.37964558e-02
   2.19449422e-01  5.85650948e-01  0.00000000e+00  0.00000000e+00]
 [-4.90314518e-01  2.85274274e-01  2.09073065e-01  3.58519793e-01
  -2.62876568e-02  2.49528344e-01  2.26381378e-01 -3.11078141e-03
   2.25673064e-01 -2.69158323e-01  5.18048356e-01  0.00000000e+00]
 [ 4.28507188e-01 -2.95865368e-01  3.60904888e-01 -4.02205279e-02
  -2.64378386e-01  3.32667041e-01 -3.04665059e-04 -3.06858728e-01
   1.96652435e-01  1.28747710e-01  2.31976614e-01  4.61723163e-01]],
NSM =
0.07021178173949613