Lattice =
[[ 1.          0.          0.          0.          0.          0.
   0.          0.          0.          0.          0.          0.
   0.          0.          0.          0.        ]
 [-0.3668832   0.93026701  0.          0.          0.          0.
   0.          0.          0.          0.          0.          0.
   0.          0.          0.          0.        ]
 [ 0.08540648  0.34085938  0.9362268   0.          0.          0.
   0.          0.          0.          0.          0.          0.
   0.          0.          0.          0.        ]
 [ 0.38666557  0.1892348   0.37159469  0.82255536  0.          0.
   0.          0.          0.          0.          0.          0.
   0.          0.          0.          0.        ]
 [ 0.32682375 -0.28005185  0.16174935 -0.26564959  0.84736334  0.
   0.          0.          0.          0.          0.          0.
   0.          0.          0.          0.        ]
 [ 0.26662333  0.23393378  0.34575314  0.33938579  0.35335     0.71735822
   0.          0.          0.          0.          0.          0.
   0.          0.          0.          0.        ]
 [ 0.25399471 -0.35968734  0.41742613 -0.1674596   0.2310326  -0.26715861
   0.69215217  0.          0.          0.          0.          0.
   0.          0.          0.          0.        ]
 [ 0.1261786  -0.34044596  0.33467567  0.39211154  0.10186869  0.31736792
   0.29362659  0.6364747   0.          0.          0.          0.
   0.          0.          0.          0.        ]
 [ 0.0163812  -0.391432    0.41314233  0.36873038 -0.10384244 -0.36513398
  -0.01626948  0.22450436  0.58744445  0.          0.          0.
   0.          0.          0.          0.        ]
 [ 0.15141736  0.11973183  0.35430939  0.39075358  0.17429933 -0.37370187
   0.01757801 -0.18370989  0.24834446  0.64710659  0.          0.
   0.          0.          0.          0.        ]
 [ 0.36356396  0.39939167  0.34969306 -0.31007857 -0.2096221  -0.12059751
   0.23383573  0.14761869  0.15141564  0.21071208  0.53627577  0.
   0.          0.          0.          0.        ]
 [-0.37015419  0.10876045  0.41871842  0.18074185  0.299236   -0.25230069
   0.25383625  0.14056293 -0.07634396  0.06688876 -0.26036889  0.57243449
   0.          0.          0.          0.        ]
 [-0.38164552  0.37348597  0.26753807 -0.15789472  0.3548104   0.20026174
   0.07439093 -0.09950109 -0.26184573  0.25362143  0.17590217 -0.23825333
   0.46510716  0.          0.          0.        ]
 [-0.46547291  0.27093876  0.24222136 -0.13626679 -0.35026932 -0.07645724
  -0.18899182 -0.21832364 -0.1088484   0.28605905  0.18460347  0.10662457
   0.15189891  0.50849939  0.          0.        ]
 [ 0.19391644  0.46466056  0.28405752 -0.40543192  0.17158746  0.13431747
   0.13052432 -0.22146099  0.20544318  0.04178721 -0.26865572 -0.10238504
  -0.15274     0.11242086  0.47463527  0.        ]
 [ 0.34190701 -0.268334    0.42199571  0.33633608  0.08924485  0.32298312
   0.06973789 -0.19023621  0.09471642 -0.17911134  0.19664384  0.15883819
  -0.14538603 -0.14490088  0.13028396  0.45000053]],
NSM =
0.0690925099011352