Lattice =
[[ 1.          0.          0.          0.          0.          0.
   0.          0.          0.          0.          0.        ]
 [-0.46561774  0.88498594  0.          0.          0.          0.
   0.          0.          0.          0.          0.        ]
 [ 0.44036377 -0.32391414  0.8373526   0.          0.          0.
   0.          0.          0.          0.          0.        ]
 [ 0.47034503 -0.32105652  0.22938249  0.78935539  0.          0.
   0.          0.          0.          0.          0.        ]
 [ 0.31712662 -0.3611562  -0.34201509 -0.26981776  0.76106567  0.
   0.          0.          0.          0.          0.        ]
 [ 0.34093006 -0.34171086 -0.33686825 -0.23485184 -0.37364652  0.67731312
   0.          0.          0.          0.          0.        ]
 [-0.45735256  0.30929881 -0.22996772 -0.18200114  0.19654936 -0.35157888
   0.66851623  0.          0.          0.          0.        ]
 [ 0.35636061 -0.35023813 -0.327205    0.33825    -0.190254   -0.3229386
   0.26885174  0.56222506  0.          0.          0.        ]
 [-0.47175076  0.29909164  0.39795824  0.30468099 -0.00204305 -0.00508663
  -0.28955521 -0.18449647  0.5646972   0.          0.        ]
 [ 0.363432   -0.35933546 -0.32435748  0.33371064 -0.18973516 -0.32449163
   0.2573018  -0.20653524 -0.2429841   0.46154967  0.        ]
 [-0.45873117  0.31877987 -0.22001772 -0.15720069 -0.40432441  0.00207706
   0.28693663  0.17595375 -0.1356847   0.22881307  0.51699574]],
NSM =
0.07063977288136557