Lattice =
[[ 1.          0.          0.          0.          0.          0.
   0.          0.          0.        ]
 [-0.15901574  0.98727605  0.          0.          0.          0.
   0.          0.          0.        ]
 [-0.36944333 -0.38809418  0.84433082  0.          0.          0.
   0.          0.          0.        ]
 [-0.35249975 -0.39559973 -0.28148234  0.80000779  0.          0.
   0.          0.          0.        ]
 [-0.35402814  0.29058811 -0.30561213 -0.42168402  0.72042102  0.
   0.          0.          0.        ]
 [ 0.30095941 -0.24905141  0.3163606  -0.23955583 -0.33654161  0.75938498
   0.          0.          0.        ]
 [ 0.35506079 -0.30241181 -0.3019894   0.20963268 -0.33859928  0.34621321
   0.64251259  0.          0.        ]
 [-0.34794501  0.2803196   0.31176747 -0.20760768  0.33568431 -0.35809204
   0.20870921  0.61284737  0.        ]
 [-0.33730764  0.30752123 -0.29821343 -0.4216268  -0.03779769 -0.33324603
  -0.21238774  0.28971486  0.5323805 ]],
NSM =
0.07218112495272322