Lattice =
[[ 1.          0.          0.          0.          0.          0.
   0.          0.          0.          0.          0.          0.
   0.          0.          0.          0.          0.          0.
   0.          0.        ]
 [ 0.38099528  0.92457698  0.          0.          0.          0.
   0.          0.          0.          0.          0.          0.
   0.          0.          0.          0.          0.          0.
   0.          0.        ]
 [ 0.41110318 -0.45893073  0.78763999  0.          0.          0.
   0.          0.          0.          0.          0.          0.
   0.          0.          0.          0.          0.          0.
   0.          0.        ]
 [-0.43578389  0.15764042 -0.38948149  0.79595607  0.          0.
   0.          0.          0.          0.          0.          0.
   0.          0.          0.          0.          0.          0.
   0.          0.        ]
 [ 0.37717093 -0.32753138 -0.11480291 -0.35989828  0.77958886  0.
   0.          0.          0.          0.          0.          0.
   0.          0.          0.          0.          0.          0.
   0.          0.        ]
 [-0.41983606  0.20431347 -0.14378484  0.13994884  0.31026016  0.80341307
   0.          0.          0.          0.          0.          0.
   0.          0.          0.          0.          0.          0.
   0.          0.        ]
 [-0.28197801 -0.31224691 -0.32034875  0.07027668  0.2935892   0.34240186
   0.7155379   0.          0.          0.          0.          0.
   0.          0.          0.          0.          0.          0.
   0.          0.        ]
 [-0.24422225  0.39506061 -0.28945126 -0.0500542   0.30564242 -0.22777714
  -0.22332679  0.70909843  0.          0.          0.          0.
   0.          0.          0.          0.          0.          0.
   0.          0.        ]
 [ 0.34480987 -0.10250178  0.22269603  0.32007016 -0.33308019  0.26487602
  -0.33068939  0.24208641  0.60786355  0.          0.          0.
   0.          0.          0.          0.          0.          0.
   0.          0.        ]
 [ 0.35358904 -0.18340491  0.2326579   0.27426726  0.12173112 -0.37708503
  -0.14904737 -0.22885506  0.1679887   0.67243116  0.          0.
   0.          0.          0.          0.          0.          0.
   0.          0.        ]
 [ 0.27412237  0.29168679  0.08437501  0.38181084 -0.18674665 -0.20634879
  -0.33790949  0.15576935  0.09522136  0.27624184  0.62096649  0.
   0.          0.          0.          0.          0.          0.
   0.          0.        ]
 [ 0.14956576  0.41825896  0.04273799 -0.01282911  0.32441948 -0.34151343
  -0.34843901 -0.17319453  0.14649485  0.0115389  -0.2893647   0.56752716
   0.          0.          0.          0.          0.          0.
   0.          0.        ]
 [-0.21801869 -0.12156944  0.17651016 -0.00426318 -0.39589756  0.1675353
   0.30670376 -0.11716716 -0.32586056  0.21157429 -0.28829418  0.19389266
   0.58502968  0.          0.          0.          0.          0.
   0.          0.        ]
 [ 0.09542356  0.4012436  -0.33688566  0.24406815  0.230047    0.25941684
  -0.28427978 -0.25691107  0.10715514  0.00893379  0.28105539 -0.06902621
   0.16930633  0.51557374  0.          0.          0.          0.
   0.          0.        ]
 [-0.33219975  0.07444323 -0.3482782  -0.22011652  0.19893516 -0.26476387
   0.32168561  0.15586541 -0.16253988  0.21279486 -0.21396354  0.00605007
   0.04997045  0.18206252  0.56898164  0.          0.          0.
   0.          0.        ]
 [-0.33062762 -0.07816928  0.36144667  0.09825766  0.02825458  0.36784666
   0.10877509  0.28755977  0.2537276  -0.24993939 -0.20745748 -0.12242094
   0.13975459 -0.20842826  0.1280837   0.49939218  0.          0.
   0.          0.        ]
 [-0.24829251  0.43380595 -0.22834536 -0.3118335   0.23420755 -0.25925514
  -0.2999558  -0.00277683 -0.05297292 -0.2055835   0.21948633 -0.21155227
   0.0975624   0.01563622 -0.09713457  0.17228486  0.44928218  0.
   0.          0.        ]
 [-0.11942335  0.19078069 -0.04705263 -0.41447075 -0.3329397  -0.38164353
   0.0040719   0.00871717  0.25155464 -0.03515148  0.20241247 -0.28537564
  -0.13786151 -0.16735287  0.19354079 -0.08805813  0.24043527  0.42636608
   0.          0.        ]
 [-0.21194874 -0.02414347 -0.23866721 -0.40628974 -0.33341693 -0.30161383
  -0.09765055 -0.29639585 -0.24515145  0.06206578 -0.05212819  0.05419633
  -0.1033044  -0.24476501  0.11446017 -0.21753732 -0.11259549 -0.13251642
   0.44954188  0.        ]
 [-0.35457927 -0.27542668  0.27983959  0.03197736  0.34864973 -0.12332649
   0.22400537 -0.17512259 -0.17073135  0.09902483  0.20549243  0.24391896
  -0.18958968  0.0976058  -0.28917943 -0.01449362  0.12518099 -0.11409544
   0.17610161  0.41446842]],
NSM =
0.06781631890117361