Lattice =
[[ 1.00000000e+00  0.00000000e+00  0.00000000e+00  0.00000000e+00
   0.00000000e+00  0.00000000e+00  0.00000000e+00  0.00000000e+00
   0.00000000e+00  0.00000000e+00  0.00000000e+00  0.00000000e+00
   0.00000000e+00  0.00000000e+00  0.00000000e+00]
 [-3.73057550e-01  9.27808205e-01  0.00000000e+00  0.00000000e+00
   0.00000000e+00  0.00000000e+00  0.00000000e+00  0.00000000e+00
   0.00000000e+00  0.00000000e+00  0.00000000e+00  0.00000000e+00
   0.00000000e+00  0.00000000e+00  0.00000000e+00]
 [ 4.17524668e-01  3.61995205e-01  8.33446233e-01  0.00000000e+00
   0.00000000e+00  0.00000000e+00  0.00000000e+00  0.00000000e+00
   0.00000000e+00  0.00000000e+00  0.00000000e+00  0.00000000e+00
   0.00000000e+00  0.00000000e+00  0.00000000e+00]
 [-4.74693679e-01  1.44920050e-01 -2.05275194e-01  8.43520116e-01
   0.00000000e+00  0.00000000e+00  0.00000000e+00  0.00000000e+00
   0.00000000e+00  0.00000000e+00  0.00000000e+00  0.00000000e+00
   0.00000000e+00  0.00000000e+00  0.00000000e+00]
 [-3.11427636e-03  3.01983487e-01  4.00253732e-01 -1.06908353e-01
   8.58582453e-01  0.00000000e+00  0.00000000e+00  0.00000000e+00
   0.00000000e+00  0.00000000e+00  0.00000000e+00  0.00000000e+00
   0.00000000e+00  0.00000000e+00  0.00000000e+00]
 [ 3.55881380e-01 -2.61163702e-01 -3.05527849e-01  2.32675436e-01
   3.18741783e-01  7.45694652e-01  0.00000000e+00  0.00000000e+00
   0.00000000e+00  0.00000000e+00  0.00000000e+00  0.00000000e+00
   0.00000000e+00  0.00000000e+00  0.00000000e+00]
 [ 4.44152349e-01 -2.44085818e-01  3.52193582e-01  1.78842553e-01
   1.37403786e-01  3.11448607e-01  6.86473446e-01  0.00000000e+00
   0.00000000e+00  0.00000000e+00  0.00000000e+00  0.00000000e+00
   0.00000000e+00  0.00000000e+00  0.00000000e+00]
 [ 1.88533952e-01 -1.90254858e-01 -3.65365133e-01 -2.47799433e-01
   3.79493850e-01 -2.19161192e-01 -3.10056655e-01  6.67217699e-01
   0.00000000e+00  0.00000000e+00  0.00000000e+00  0.00000000e+00
   0.00000000e+00  0.00000000e+00  0.00000000e+00]
 [ 5.00618729e-01  9.54979277e-02 -1.44400533e-01 -3.73617720e-01
  -7.83331658e-03  2.89785583e-01 -2.12488917e-01  3.03679324e-01
   5.98673202e-01  0.00000000e+00  0.00000000e+00  0.00000000e+00
   0.00000000e+00  0.00000000e+00  0.00000000e+00]
 [ 4.93421589e-01  3.50423043e-01  2.25967414e-01  2.49635299e-01
   1.72251001e-01 -3.64482134e-01 -6.48211800e-02 -1.17356581e-01
   8.11722680e-02  5.77303082e-01  0.00000000e+00  0.00000000e+00
   0.00000000e+00  0.00000000e+00  0.00000000e+00]
 [-2.48650050e-02  4.38429051e-01 -1.54283118e-01  3.63398537e-01
   3.21273483e-01 -3.93200441e-02 -3.06002440e-01  7.89551320e-02
  -8.61876229e-02  2.52941659e-01  6.12583063e-01  0.00000000e+00
   0.00000000e+00  0.00000000e+00  0.00000000e+00]
 [ 2.50744453e-01  3.96830721e-01 -2.59476357e-01  6.70296329e-02
   3.72619815e-01 -3.49238814e-01  2.90874370e-01 -2.15023631e-01
  -1.48516575e-01  1.58298807e-01 -1.24205474e-01  5.03619524e-01
   0.00000000e+00  0.00000000e+00  0.00000000e+00]
 [ 3.48919015e-01  2.39965656e-01 -1.77141363e-01 -3.94195024e-01
   3.38168970e-01  4.99805393e-02 -2.81157944e-01  1.21926178e-01
  -1.42250600e-01  3.11207221e-02 -2.30465566e-01  2.17022708e-01
   5.49285145e-01  0.00000000e+00  0.00000000e+00]
 [ 4.19559097e-01  3.25977921e-01 -1.62081808e-01 -3.47672111e-01
  -1.09568243e-01  2.84149495e-01 -2.63028895e-01 -2.30841069e-01
  -8.47326554e-04  4.39326172e-02  1.49962984e-01 -2.01348769e-01
   2.25183529e-01  4.89566725e-01  0.00000000e+00]
 [ 3.96302961e-01  7.02061822e-02 -3.58602968e-01 -3.95335963e-01
  -2.76232959e-01  1.26942252e-02 -5.92051723e-02 -2.74331616e-01
   8.13814426e-02 -2.52574519e-01  9.56990189e-02  1.47933186e-01
   1.51883146e-01 -2.37083128e-01  4.66007842e-01]],
NSM =
0.0693427344481644