Lattice =
[[ 1.          0.          0.          0.          0.          0.
   0.          0.          0.          0.          0.          0.
   0.          0.          0.          0.          0.          0.
   0.        ]
 [ 0.38346203  0.92355664  0.          0.          0.          0.
   0.          0.          0.          0.          0.          0.
   0.          0.          0.          0.          0.          0.
   0.        ]
 [ 0.36440007 -0.36158711  0.85817676  0.          0.          0.
   0.          0.          0.          0.          0.          0.
   0.          0.          0.          0.          0.          0.
   0.        ]
 [ 0.36338758 -0.3868421  -0.36384269  0.76545487  0.          0.
   0.          0.          0.          0.          0.          0.
   0.          0.          0.          0.          0.          0.
   0.        ]
 [-0.2803407  -0.12047209  0.39943828 -0.33229979  0.79807361  0.
   0.          0.          0.          0.          0.          0.
   0.          0.          0.          0.          0.          0.
   0.        ]
 [-0.26296869 -0.42082617 -0.06294448  0.368358    0.15259306  0.76864721
   0.          0.          0.          0.          0.          0.
   0.          0.          0.          0.          0.          0.
   0.        ]
 [ 0.46249977  0.15655824 -0.3890457   0.36392461  0.14436419  0.01500841
   0.67581028  0.          0.          0.          0.          0.
   0.          0.          0.          0.          0.          0.
   0.        ]
 [ 0.09709512  0.35937615 -0.34872345  0.1449168  -0.29897053 -0.32930472
  -0.25090301  0.67678291  0.          0.          0.          0.
   0.          0.          0.          0.          0.          0.
   0.        ]
 [ 0.17554099 -0.44211594  0.18381519  0.26961936 -0.3625282   0.29361968
   0.22382358  0.13520505  0.61742985  0.          0.          0.
   0.          0.          0.          0.          0.          0.
   0.        ]
 [ 0.43564182 -0.41647531 -0.26755922  0.10553885  0.33523095 -0.0620218
   0.21993668  0.04664866 -0.23667116  0.57554336  0.          0.
   0.          0.          0.          0.          0.          0.
   0.        ]
 [ 0.35419192 -0.05045478 -0.44359292 -0.29302545 -0.27005359  0.29751345
   0.1663821   0.12494124 -0.01027627  0.02929356  0.61940582  0.
   0.          0.          0.          0.          0.          0.
   0.        ]
 [ 0.38823128  0.39554423  0.04099811  0.31894196 -0.21185125 -0.21975691
   0.08364287  0.26833436 -0.02650824 -0.29796364 -0.26929569  0.50521057
   0.          0.          0.          0.          0.          0.
   0.        ]
 [ 0.24931035 -0.31024488 -0.12002222 -0.2894025  -0.07532979  0.27953675
  -0.02011161  0.27558768  0.14487659  0.29785833 -0.16065911  0.18074934
   0.6442627   0.          0.          0.          0.          0.
   0.        ]
 [-0.37147518  0.06610515 -0.37659312 -0.33350125 -0.24489821 -0.2429622
   0.28596767 -0.09314753  0.12518966 -0.24782802  0.08022271  0.20925915
   0.23831161  0.45937178  0.          0.          0.          0.
   0.        ]
 [ 0.36199333 -0.21770195  0.23668333 -0.24978612  0.34480894  0.29228142
   0.04501219 -0.13709782 -0.27681694  0.00822948 -0.12171945 -0.21706539
  -0.18898267  0.19766827  0.51438848  0.          0.          0.
   0.        ]
 [-0.31852056 -0.38203228  0.1434644  -0.03286476 -0.14834572 -0.30192811
  -0.26140946 -0.20557485  0.27802649  0.20909702  0.22836968  0.08067397
  -0.21217793 -0.10912498 -0.22676157  0.46812505  0.          0.
   0.        ]
 [ 0.2597564  -0.33589023 -0.24215755 -0.19650886 -0.30027768 -0.2981206
  -0.17322326 -0.28225524 -0.24278576 -0.20631764  0.06440413 -0.10882298
   0.13341929 -0.2101473  -0.08433445 -0.20665026  0.45216148  0.
   0.        ]
 [-0.40731403 -0.38235369  0.03564817 -0.14376311 -0.14243015  0.32255112
  -0.10967561 -0.25752003 -0.04723498 -0.21781449 -0.16498252  0.14783369
  -0.21461997 -0.10457772  0.23439896  0.21102484 -0.14268622  0.43325647
   0.        ]
 [-0.41268669  0.14590793 -0.32297897  0.08351446  0.15889676 -0.04003333
   0.20098549  0.2163896   0.26491661  0.03961719 -0.28123579  0.20456956
  -0.30319867 -0.11266777  0.19734309 -0.19319975  0.16284148  0.16578415
   0.39427374]],
NSM =
0.06806566525045218