Lattice =
[[ 1.          0.          0.          0.          0.          0.
   0.          0.        ]
 [ 0.48458871  0.87474212  0.          0.          0.          0.
   0.          0.        ]
 [ 0.48459268  0.29470524  0.82360109  0.          0.          0.
   0.          0.        ]
 [-0.48622949  0.29610803 -0.41025404  0.71245529  0.          0.
   0.          0.        ]
 [ 0.48699515 -0.29324988 -0.20861763 -0.35363765  0.71292309  0.
   0.          0.        ]
 [ 0.49268007 -0.29697834 -0.2066294   0.35117863  0.35262059  0.61539158
   0.          0.        ]
 [-0.48611258 -0.2979863  -0.20956245  0.34106484 -0.35416372  0.20369999
   0.58968759  0.        ]
 [-0.48607334  0.29227965 -0.41240338 -0.00513154 -0.35009079 -0.20579051
   0.288274    0.51008552]],
NSM =
0.07171261785596023