Lattice =
[[ 1.          0.          0.          0.          0.          0.
   0.          0.          0.          0.          0.          0.
   0.        ]
 [-0.3853158   0.92278477  0.          0.          0.          0.
   0.          0.          0.          0.          0.          0.
   0.        ]
 [ 0.35203093  0.3702567   0.8596419   0.          0.          0.
   0.          0.          0.          0.          0.          0.
   0.        ]
 [-0.32083939  0.38756467  0.3186538   0.8033153   0.          0.
   0.          0.          0.          0.          0.          0.
   0.        ]
 [-0.27069869  0.41947167  0.21404334 -0.37943397  0.74898668  0.
   0.          0.          0.          0.          0.          0.
   0.        ]
 [-0.46103289 -0.30480199  0.31967622  0.01567749  0.29235581  0.71178215
   0.          0.          0.          0.          0.          0.
   0.        ]
 [ 0.341343    0.11236181  0.0410562   0.36363779  0.2917095   0.32399879
   0.739508    0.          0.          0.          0.          0.
   0.        ]
 [-0.42400855  0.38259391  0.26889588  0.16076681  0.28722195  0.10039037
  -0.29335309  0.63012458  0.          0.          0.          0.
   0.        ]
 [ 0.14617922 -0.22325057 -0.29410848 -0.08026875  0.41240332  0.24600803
   0.10989699 -0.2969255   0.71064013  0.          0.          0.
   0.        ]
 [-0.42635436 -0.35407371  0.30019332  0.26341421  0.24327219  0.09706703
  -0.25210371 -0.05293637  0.29569756  0.55763046  0.          0.
   0.        ]
 [-0.39636055  0.35894497  0.26446619  0.15686427  0.34279929  0.1621983
  -0.28777739 -0.1375796  -0.2853878   0.07563718  0.53551589  0.
   0.        ]
 [-0.16174082 -0.427948   -0.33370123 -0.2998392  -0.27569812 -0.11518986
   0.26820896  0.06169871 -0.29570057  0.18562051 -0.1329999   0.53370091
   0.        ]
 [ 0.39199603  0.41965631 -0.06086971  0.30937957 -0.27110607 -0.04316526
   0.34827594 -0.1010203  -0.10856349  0.12088787 -0.22407223 -0.23290076
   0.48279689]],
NSM =
0.069975594690528