Lattice =
[[ 1.          0.          0.          0.          0.          0.
   0.          0.          0.          0.          0.          0.
   0.          0.          0.          0.          0.        ]
 [-0.34866733  0.93724655  0.          0.          0.          0.
   0.          0.          0.          0.          0.          0.
   0.          0.          0.          0.          0.        ]
 [-0.31748049  0.34299959  0.88405737  0.          0.          0.
   0.          0.          0.          0.          0.          0.
   0.          0.          0.          0.          0.        ]
 [ 0.40057825 -0.27476348  0.10676563  0.86755011  0.          0.
   0.          0.          0.          0.          0.          0.
   0.          0.          0.          0.          0.        ]
 [-0.42262367  0.21640982 -0.34916969  0.2695318   0.7615702   0.
   0.          0.          0.          0.          0.          0.
   0.          0.          0.          0.          0.        ]
 [-0.30606865  0.30374081  0.27479031 -0.38338512 -0.31950888  0.69963112
   0.          0.          0.          0.          0.          0.
   0.          0.          0.          0.          0.        ]
 [ 0.42922738  0.39348014 -0.25343748  0.06232257 -0.2929128   0.12091371
   0.70171543  0.          0.          0.          0.          0.
   0.          0.          0.          0.          0.        ]
 [-0.14388131 -0.39616941  0.29975232 -0.35856941 -0.15641067 -0.23256725
   0.3738193   0.6209926   0.          0.          0.          0.
   0.          0.          0.          0.          0.        ]
 [ 0.46411949  0.31179207 -0.29826749  0.30213997 -0.30529041  0.03957217
  -0.11870617  0.24033344  0.58352998  0.          0.          0.
   0.          0.          0.          0.          0.        ]
 [ 0.37851415  0.31228912  0.3375886   0.38078891 -0.04305957  0.12626342
   0.26676471  0.10921549 -0.13419545  0.61752721  0.          0.
   0.          0.          0.          0.          0.        ]
 [-0.19003305  0.28130734 -0.35914518  0.35529527  0.17369293  0.32842328
   0.25042221 -0.03587874 -0.14081832 -0.10521178  0.62976556  0.
   0.          0.          0.          0.          0.        ]
 [-0.15355689 -0.34944281 -0.2784523   0.39835123 -0.29315267  0.14290397
  -0.0786622  -0.01239779 -0.20136707 -0.21790528  0.2259946   0.60521415
   0.          0.          0.          0.          0.        ]
 [-0.41285495 -0.10261349 -0.05924795 -0.34261087 -0.26050479  0.34947813
   0.18035658  0.13574035  0.03208533 -0.22340253  0.16078452 -0.23742908
   0.56922289  0.          0.          0.          0.        ]
 [-0.23784106  0.32722108 -0.31080277 -0.37987277  0.07953599  0.27335686
   0.33120709  0.04189231  0.24453438  0.00503995 -0.08020703 -0.23301174
  -0.21336584  0.48670132  0.          0.          0.        ]
 [ 0.00758818 -0.41124742 -0.35926309  0.23573321  0.24604553 -0.19455118
   0.27168641  0.2713795  -0.04891465 -0.15218813 -0.27203507  0.09861856
  -0.17870786  0.16649666  0.48102885  0.          0.        ]
 [ 0.48229548  0.16140434  0.22906231  0.26194621  0.1723191   0.34448895
  -0.01193236  0.0854326  -0.03096367 -0.18180075  0.20325464 -0.30341556
  -0.0222604  -0.15812026 -0.19012918  0.48519724  0.        ]
 [ 0.38024402 -0.36833692 -0.0504918   0.07942659 -0.05071124  0.32066059
   0.34753938 -0.17467524 -0.10145697  0.15682662 -0.26589103 -0.10051139
   0.25473246  0.19163014 -0.1642618  -0.21565427  0.40423554]],
NSM =
0.0685929331610953