Lattice =
[[ 1.          0.          0.          0.          0.          0.
   0.        ]
 [-0.48662094  0.87361322  0.          0.          0.          0.
   0.        ]
 [ 0.49528561 -0.29791117  0.81605214  0.          0.          0.
   0.        ]
 [ 0.49604235 -0.28735626 -0.40930197  0.70981706  0.          0.
   0.        ]
 [-0.49612458 -0.29304661  0.20613676 -0.3428096   0.71272245  0.
   0.        ]
 [ 0.49930965 -0.28152404 -0.39843041  0.00529105  0.34924532  0.6250496
   0.        ]
 [-0.49160139  0.29647401 -0.20293245 -0.34928199 -0.34905583 -0.20628091
   0.58554245]],
NSM =
0.07326121335472449