Lattice =
[[ 1.00000000e+00  0.00000000e+00  0.00000000e+00  0.00000000e+00
   0.00000000e+00  0.00000000e+00  0.00000000e+00  0.00000000e+00
   0.00000000e+00  0.00000000e+00  0.00000000e+00  0.00000000e+00
   0.00000000e+00  0.00000000e+00  0.00000000e+00  0.00000000e+00
   0.00000000e+00  0.00000000e+00]
 [ 4.05381738e-01  9.14147497e-01  0.00000000e+00  0.00000000e+00
   0.00000000e+00  0.00000000e+00  0.00000000e+00  0.00000000e+00
   0.00000000e+00  0.00000000e+00  0.00000000e+00  0.00000000e+00
   0.00000000e+00  0.00000000e+00  0.00000000e+00  0.00000000e+00
   0.00000000e+00  0.00000000e+00]
 [-3.05513647e-01 -7.46448561e-02  9.49257371e-01  0.00000000e+00
   0.00000000e+00  0.00000000e+00  0.00000000e+00  0.00000000e+00
   0.00000000e+00  0.00000000e+00  0.00000000e+00  0.00000000e+00
   0.00000000e+00  0.00000000e+00  0.00000000e+00  0.00000000e+00
   0.00000000e+00  0.00000000e+00]
 [-4.06587396e-01  3.60483213e-01 -3.42302238e-01  7.66529660e-01
   0.00000000e+00  0.00000000e+00  0.00000000e+00  0.00000000e+00
   0.00000000e+00  0.00000000e+00  0.00000000e+00  0.00000000e+00
   0.00000000e+00  0.00000000e+00  0.00000000e+00  0.00000000e+00
   0.00000000e+00  0.00000000e+00]
 [ 3.49539524e-01  3.91601422e-01  2.35712105e-01 -1.94436362e-01
   7.94421017e-01  0.00000000e+00  0.00000000e+00  0.00000000e+00
   0.00000000e+00  0.00000000e+00  0.00000000e+00  0.00000000e+00
   0.00000000e+00  0.00000000e+00  0.00000000e+00  0.00000000e+00
   0.00000000e+00  0.00000000e+00]
 [ 1.86152308e-01 -8.07543378e-02 -4.34614953e-01  7.22846431e-02
   4.30582843e-01  7.61123671e-01  0.00000000e+00  0.00000000e+00
   0.00000000e+00  0.00000000e+00  0.00000000e+00  0.00000000e+00
   0.00000000e+00  0.00000000e+00  0.00000000e+00  0.00000000e+00
   0.00000000e+00  0.00000000e+00]
 [ 3.60568674e-01 -2.34117241e-01  3.24052145e-01 -2.45813331e-01
  -2.87766958e-01 -3.04573733e-01  6.88600306e-01  0.00000000e+00
   0.00000000e+00  0.00000000e+00  0.00000000e+00  0.00000000e+00
   0.00000000e+00  0.00000000e+00  0.00000000e+00  0.00000000e+00
   0.00000000e+00  0.00000000e+00]
 [-2.17101219e-01  2.24935030e-01 -3.97162863e-01 -2.60616137e-01
  -3.89102433e-01 -2.28068065e-01  1.22803128e-02  6.87783127e-01
   0.00000000e+00  0.00000000e+00  0.00000000e+00  0.00000000e+00
   0.00000000e+00  0.00000000e+00  0.00000000e+00  0.00000000e+00
   0.00000000e+00  0.00000000e+00]
 [-3.34925729e-01 -1.88734429e-01 -1.91271884e-01  4.28521465e-01
  -7.05057994e-02 -3.64781791e-01 -1.31978203e-03 -8.18592894e-04
   7.02815237e-01  0.00000000e+00  0.00000000e+00  0.00000000e+00
   0.00000000e+00  0.00000000e+00  0.00000000e+00  0.00000000e+00
   0.00000000e+00  0.00000000e+00]
 [ 3.80939694e-01 -4.21178050e-01  3.06961845e-02 -3.04475534e-01
  -3.58525002e-01  1.31982534e-01 -1.43067271e-01  9.13467346e-02
  -2.81364276e-01  5.74376619e-01  0.00000000e+00  0.00000000e+00
   0.00000000e+00  0.00000000e+00  0.00000000e+00  0.00000000e+00
   0.00000000e+00  0.00000000e+00]
 [ 4.24465860e-01 -3.82895689e-01  2.54741215e-01  7.55094691e-02
   2.74587742e-01  1.48380788e-01  1.53887870e-01  2.40978256e-01
  -2.64320945e-01  2.12833132e-01  5.55242354e-01  0.00000000e+00
   0.00000000e+00  0.00000000e+00  0.00000000e+00  0.00000000e+00
   0.00000000e+00  0.00000000e+00]
 [ 4.06915436e-01 -1.12367457e-01 -2.19847309e-01  2.55167242e-01
  -3.18314795e-01  3.52424779e-01 -3.12051171e-01 -2.69168452e-01
  -1.78794371e-01  3.66990839e-02  2.16021014e-01  4.82717071e-01
   0.00000000e+00  0.00000000e+00  0.00000000e+00  0.00000000e+00
   0.00000000e+00  0.00000000e+00]
 [ 1.94349590e-01 -6.91888307e-02  1.55872311e-01 -1.52815379e-01
   4.50406703e-01  2.85037399e-01 -1.59806495e-01  3.20401215e-01
   2.64080168e-01  4.83352548e-02  3.02680806e-03  1.59912683e-02
   6.52031701e-01  0.00000000e+00  0.00000000e+00  0.00000000e+00
   0.00000000e+00  0.00000000e+00]
 [-1.08958988e-01  3.45152458e-01 -3.64345176e-02 -3.96453923e-01
   1.41895796e-01  2.23864677e-02  3.30147916e-01  1.58675745e-01
   3.16302797e-01 -1.63786278e-01  2.55197001e-01  1.71146040e-01
  -2.84768901e-01  5.03289296e-01  0.00000000e+00  0.00000000e+00
   0.00000000e+00  0.00000000e+00]
 [ 3.29148923e-01 -3.79343461e-01 -3.66226672e-01 -1.75117529e-01
  -1.05010057e-01 -3.44388342e-01 -1.52550398e-01  3.74887510e-02
   4.44360351e-03  2.11502974e-01 -2.46463955e-01 -1.63710268e-01
   2.31386948e-01  1.00845871e-01  4.82343582e-01  0.00000000e+00
   0.00000000e+00  0.00000000e+00]
 [-3.90202266e-01 -2.28757701e-01 -2.97437102e-01  2.63776412e-01
  -2.87461464e-01  1.66135440e-01 -1.24592620e-01 -2.93450104e-01
   1.50558610e-01  2.44400141e-01 -1.29428007e-02 -7.79866320e-02
   2.72612267e-01  1.56242783e-01 -1.38779083e-01  4.67820772e-01
   0.00000000e+00  0.00000000e+00]
 [-3.40639503e-01 -4.35938195e-01  2.83404402e-01 -2.80137891e-03
  -1.86212751e-01  2.78709852e-01 -6.51753146e-02  1.64577420e-01
  -2.74147421e-01  9.50651039e-02 -2.63318322e-01 -1.57781982e-01
   2.01308488e-01  7.99693153e-02 -1.72120228e-01 -1.93666511e-01
   4.21225158e-01  0.00000000e+00]
 [-2.23821535e-01 -7.17071668e-02 -4.12967170e-01  2.74577354e-01
  -4.07885347e-01  4.89815931e-02  3.46143454e-01  2.62840189e-01
   2.73001329e-01  1.41447731e-01  1.82536171e-01  2.52398507e-02
   1.97026925e-01  3.16536038e-02 -1.06474541e-02  1.00908585e-01
   6.45275206e-03  4.03118702e-01]],
NSM =
0.06837036186966057