Lattice =
[[ 1.          0.          0.          0.          0.          0.
   0.          0.          0.          0.          0.          0.
   0.          0.        ]
 [ 0.46064151  0.88758628  0.          0.          0.          0.
   0.          0.          0.          0.          0.          0.
   0.          0.        ]
 [ 0.40104369  0.2255239   0.88786425  0.          0.          0.
   0.          0.          0.          0.          0.          0.
   0.          0.        ]
 [-0.4363717  -0.25956727  0.36108212  0.78219196  0.          0.
   0.          0.          0.          0.          0.          0.
   0.          0.        ]
 [ 0.39219545 -0.29792936  0.28489664 -0.10069538  0.81615879  0.
   0.          0.          0.          0.          0.          0.
   0.          0.        ]
 [ 0.41871104 -0.33202634 -0.05071832  0.33695843  0.35795405  0.68570777
   0.          0.          0.          0.          0.          0.
   0.          0.        ]
 [ 0.39709364 -0.19212279  0.44754329 -0.11650196 -0.0707796  -0.33477788
   0.68880461  0.          0.          0.          0.          0.
   0.          0.        ]
 [ 0.31077807  0.35893036  0.23594632  0.15907789  0.37105537 -0.31084834
   0.28939616  0.61282186  0.          0.          0.          0.
   0.          0.        ]
 [-0.46516585 -0.24338095 -0.27623728 -0.19690888 -0.11356263  0.17309952
   0.31991849 -0.09970151  0.67391257  0.          0.          0.
   0.          0.        ]
 [-0.43249781 -0.35633056 -0.17577838  0.12849319 -0.24894907  0.30662388
  -0.24912222  0.13284457  0.29154916  0.56379191  0.          0.
   0.          0.        ]
 [-0.41226887 -0.31727115 -0.33056155  0.2894473  -0.08073303  0.19970985
  -0.12763535 -0.21724704  0.25183199 -0.21259292  0.56375413  0.
   0.          0.        ]
 [-0.40978864 -0.29015042  0.37507641  0.21068966 -0.02445405 -0.28371148
  -0.31239911  0.16873634  0.24562443 -0.09616336 -0.19381399  0.49851337
   0.          0.        ]
 [-0.37110895 -0.16013259 -0.35161347  0.37856044  0.12275412 -0.15105651
   0.27490475 -0.25532045  0.2944651   0.20155003  0.17592372 -0.03466154
   0.4812122   0.        ]
 [ 0.02856056  0.352257   -0.40431795 -0.04262785  0.2771967  -0.29962332
  -0.29000395 -0.03127895  0.27459684 -0.26217554 -0.11020909 -0.19781366
   0.21086117  0.46715971]],
NSM =
0.06959867862154033