Lattice =
[[ 1.          0.          0.          0.          0.          0.
   0.          0.          0.          0.        ]
 [-0.47238809  0.88139066  0.          0.          0.          0.
   0.          0.          0.          0.        ]
 [ 0.47447073 -0.31860378  0.82059074  0.          0.          0.
   0.          0.          0.          0.        ]
 [-0.48165653  0.3002934   0.40580029  0.71634977  0.          0.
   0.          0.          0.          0.        ]
 [ 0.47407699 -0.31189307  0.21437191 -0.35477042  0.71144667  0.
   0.          0.          0.          0.        ]
 [ 0.47605315  0.31211105 -0.21064744  0.34952245 -0.00630654  0.71371004
   0.          0.          0.          0.        ]
 [-0.43582038  0.25107242  0.36976909 -0.00573934  0.31746122  0.31556542
   0.64023273  0.          0.          0.        ]
 [ 0.47191651 -0.3105772   0.21284723 -0.3516239   0.0097389  -0.00289582
  -0.3514525   0.62311413  0.          0.        ]
 [-0.43638609  0.26979707 -0.17900832 -0.30908247 -0.31138188 -0.31518796
  -0.31578999  0.1853553   0.52803291  0.        ]
 [-0.43585868 -0.25955068  0.17520204  0.31534214  0.31308113  0.31940905
   0.31010247 -0.18778767  0.25741257  0.46345799]],
NSM =
0.07107430386976