Lattice =
[[ 1.56173302  0.          0.          0.          0.          0.
   0.          0.          0.          0.          0.          0.
   0.          0.        ]
 [-0.63520451  1.38542769  0.          0.          0.          0.
   0.          0.          0.          0.          0.          0.
   0.          0.        ]
 [-0.37371719 -0.5715063   1.34967936  0.          0.          0.
   0.          0.          0.          0.          0.          0.
   0.          0.        ]
 [ 0.47644531  0.68320764 -0.42467605  1.30540654  0.          0.
   0.          0.          0.          0.          0.          0.
   0.          0.        ]
 [-0.65262019  0.53437214  0.4714554   0.56112226  1.00895545  0.
   0.          0.          0.          0.          0.          0.
   0.          0.        ]
 [ 0.27798138 -0.6251744   0.64268246 -0.42766467 -0.11260322  1.08006594
   0.          0.          0.          0.          0.          0.
   0.          0.        ]
 [-0.64916521  0.55915335 -0.36339976  0.26844653  0.40159341  0.29999644
   1.03374334  0.          0.          0.          0.          0.
   0.          0.        ]
 [ 0.68621853 -0.51417239 -0.46474327 -0.52075507  0.12896836  0.13566119
  -0.48600602  0.88577248  0.          0.          0.          0.
   0.          0.        ]
 [ 0.48556612  0.4869821   0.34425301  0.5088342  -0.06891768 -0.06378286
   0.3675059   0.33517868  0.97213839  0.          0.          0.
   0.          0.        ]
 [-0.55435572 -0.4192783  -0.34540905  0.22318385 -0.34440753  0.35281541
  -0.45863833  0.08132571 -0.43830374  0.86640428  0.          0.
   0.          0.        ]
 [ 0.62289917 -0.52331523 -0.46911557  0.25664412 -0.39158058  0.37554209
  -0.13792131 -0.30304175 -0.21283198 -0.32743851  0.89511336  0.
   0.          0.        ]
 [ 0.47392712  0.41436244  0.31449598 -0.19259723  0.31686371 -0.38501344
   0.50940551 -0.10866035  0.45792287  0.24894791  0.39360556  0.75526899
   0.          0.        ]
 [-0.72942307 -0.53171461 -0.03066951  0.38666202  0.40194173  0.25470867
   0.29436757 -0.39309126 -0.43976023  0.32667716 -0.38678201 -0.26500665
   0.69404323  0.        ]
 [ 0.69092401 -0.53310543  0.39509086  0.11705152  0.47897717 -0.13353128
  -0.45570211 -0.22059645 -0.11871056  0.31045088 -0.44273823 -0.23443131
  -0.33319885  0.66521325]],
NSM =
0.06931304766541736