Lattice =
[[ 1.48621594  0.          0.          0.          0.          0.
   0.          0.          0.          0.          0.          0.
   0.        ]
 [-0.66031152  1.35498747  0.          0.          0.          0.
   0.          0.          0.          0.          0.          0.
   0.        ]
 [ 0.66865943  0.39916709  1.19375172  0.          0.          0.
   0.          0.          0.          0.          0.          0.
   0.        ]
 [-0.67822886  0.63047944  0.27474868  1.18952662  0.          0.
   0.          0.          0.          0.          0.          0.
   0.        ]
 [ 0.1179912   0.61247411 -0.33277293 -0.38503981  1.16107299  0.
   0.          0.          0.          0.          0.          0.
   0.        ]
 [ 0.68150098  0.6159896  -0.56942371  0.54079878  0.45827738  1.10376232
   0.          0.          0.          0.          0.          0.
   0.        ]
 [ 0.69704665  0.26021271 -0.49908844  0.30295988 -0.30658539  0.44497749
   1.1470651   0.          0.          0.          0.          0.
   0.        ]
 [ 0.5718502  -0.32445685  0.59088991  0.5401541   0.46051225  0.18289563
  -0.52709833  0.93228364  0.          0.          0.          0.
   0.        ]
 [ 0.62726537  0.30951119 -0.55503097 -0.52781398  0.2923747   0.17003881
   0.33047577  0.32459295  0.77633872  0.          0.          0.
   0.        ]
 [ 0.67160182  0.3491107   0.36258484  0.15026067 -0.12336721 -0.4732641
  -0.23277846  0.4592629  -0.35554827  0.81711836  0.          0.
   0.        ]
 [ 0.69814515 -0.58222574 -0.13766256 -0.35542524 -0.5575849  -0.1789113
  -0.29417254 -0.30539468 -0.16887587 -0.31746667  0.78990932  0.
   0.        ]
 [ 0.68931786 -0.59679479 -0.100352    0.48642468 -0.28226341  0.21919321
  -0.55736287 -0.08737419  0.26201345 -0.2601318   0.28080903  0.71440887
   0.        ]
 [-0.66879874  0.3393011   0.21133314  0.18518192 -0.27576816  0.2885038
   0.34353089  0.44219123  0.36793335  0.36605537  0.25927505 -0.35356507
   0.71279249]],
NSM =
0.06972636778070954