Lattice =
[[ 1.          0.          0.          0.          0.          0.
   0.          0.          0.          0.          0.          0.
   0.          0.          0.          0.          0.        ]
 [ 0.32111614  0.94703982  0.          0.          0.          0.
   0.          0.          0.          0.          0.          0.
   0.          0.          0.          0.          0.        ]
 [-0.41459476 -0.37848284  0.82756385  0.          0.          0.
   0.          0.          0.          0.          0.          0.
   0.          0.          0.          0.          0.        ]
 [ 0.40362435  0.11522245  0.34416114  0.83985968  0.          0.
   0.          0.          0.          0.          0.          0.
   0.          0.          0.          0.          0.        ]
 [-0.26094553 -0.44371614  0.15634473 -0.29177476  0.79085222  0.
   0.          0.          0.          0.          0.          0.
   0.          0.          0.          0.          0.        ]
 [-0.41237534  0.33841573  0.08864238 -0.27697327  0.28974473  0.73952532
   0.          0.          0.          0.          0.          0.
   0.          0.          0.          0.          0.        ]
 [ 0.05586653  0.48504763  0.30304025  0.19021335  0.10303607  0.24855683
   0.74913035  0.          0.          0.          0.          0.
   0.          0.          0.          0.          0.        ]
 [-0.06929273  0.4544342   0.28778985 -0.37808648  0.18925411  0.20199068
   0.20480927  0.66659696  0.          0.          0.          0.
   0.          0.          0.          0.          0.        ]
 [-0.41631831 -0.36683907 -0.2235693  -0.2650292  -0.12141874 -0.37345506
  -0.00790084  0.19245001  0.61690666  0.          0.          0.
   0.          0.          0.          0.          0.        ]
 [ 0.20432064 -0.45663139  0.0986047   0.23079596  0.30529144  0.27993032
  -0.25294612  0.24864534 -0.01997497  0.62368429  0.          0.
   0.          0.          0.          0.          0.        ]
 [ 0.39713649 -0.14863411  0.26027808  0.08498749 -0.34363547  0.07348592
   0.16974074 -0.3215028   0.26674451 -0.05907857  0.64414173  0.
   0.          0.          0.          0.          0.        ]
 [-0.10514888 -0.33891917  0.28455386  0.34054379  0.16290106 -0.36391514
  -0.32810678  0.20937359 -0.21616248  0.17572354 -0.20013946  0.49901243
   0.          0.          0.          0.          0.        ]
 [-0.42651617  0.17839596  0.08654118  0.2368173  -0.35549155 -0.2454201
  -0.01081518 -0.24194841 -0.21325802 -0.25286378  0.26634346  0.05758635
   0.54198862  0.          0.          0.          0.        ]
 [-0.28053785  0.27019323  0.325166   -0.28384482 -0.22181372  0.20644527
  -0.21200931 -0.16483056 -0.25993069  0.16690149 -0.28872058  0.12817604
   0.25176691  0.48934647  0.          0.          0.        ]
 [-0.42538444 -0.35079084  0.11468509  0.3699024   0.32747655  0.04651235
  -0.20086977 -0.22328829 -0.064313   -0.08552259  0.26551437  0.06689847
  -0.19551145  0.02049715  0.47046187  0.          0.        ]
 [-0.02172861 -0.44119026  0.39314771 -0.05369904 -0.32991672  0.0624886
  -0.33660032  0.14897328 -0.24960609 -0.13549797  0.00776238  0.10412747
   0.05819652  0.16797824 -0.20525536  0.48362036  0.        ]
 [ 0.41288742 -0.1225942   0.22998009 -0.27977104  0.34695943  0.27464489
  -0.03275876 -0.32560455 -0.16441872  0.20764713  0.01441009 -0.24383177
  -0.01783187 -0.13042769  0.08299706  0.17712168  0.44161913]],
NSM =
0.06861352412132354