Lattice =
[[ 1.          0.          0.          0.          0.          0. 0.          0.          0.        ]
 [ 0.32996852  0.94399194  0.          0.          0.          0. 0.          0.          0.        ]
 [ 0.01368904 -0.48033893  0.87697613  0.          0.          0. 0.          0.          0.        ]
 [-0.31007371  0.45572928  0.27679977  0.78711308  0.          0. 0.          0.          0.        ]
 [-0.02222679  0.4772751  -0.29873995  0.40920913  0.7176467   0. 0.          0.          0.        ]
 [ 0.2692903   0.46982608 -0.2790936  -0.20014003  0.33810727  0.68882537 0.          0.          0.        ]
 [-0.0610377   0.48736946  0.29044351 -0.40061455 -0.00127937  0.35215878 0.62440252  0.          0.        ]
 [ 0.34609904 -0.45725208  0.2774833  -0.38265418 -0.0044013   0.33177157 -0.19328522  0.54796338  0.        ]
 [-0.3326326  -0.45714168 -0.27898864 -0.20498324 -0.329785   -0.33354941 -0.18871758 -0.26377147  0.48509914]],
NSM =
0.07209584926818803