Lattice =
[[ 1.00000000e+00  0.00000000e+00  0.00000000e+00  0.00000000e+00
   0.00000000e+00  0.00000000e+00  0.00000000e+00  0.00000000e+00
   0.00000000e+00  0.00000000e+00  0.00000000e+00  0.00000000e+00
   0.00000000e+00  0.00000000e+00  0.00000000e+00  0.00000000e+00
   0.00000000e+00  0.00000000e+00  0.00000000e+00  0.00000000e+00]
 [-2.94869613e-01  9.55537499e-01  0.00000000e+00  0.00000000e+00
   0.00000000e+00  0.00000000e+00  0.00000000e+00  0.00000000e+00
   0.00000000e+00  0.00000000e+00  0.00000000e+00  0.00000000e+00
   0.00000000e+00  0.00000000e+00  0.00000000e+00  0.00000000e+00
   0.00000000e+00  0.00000000e+00  0.00000000e+00  0.00000000e+00]
 [-3.22633756e-01 -3.68325535e-01  8.71919583e-01  0.00000000e+00
   0.00000000e+00  0.00000000e+00  0.00000000e+00  0.00000000e+00
   0.00000000e+00  0.00000000e+00  0.00000000e+00  0.00000000e+00
   0.00000000e+00  0.00000000e+00  0.00000000e+00  0.00000000e+00
   0.00000000e+00  0.00000000e+00  0.00000000e+00  0.00000000e+00]
 [ 3.81648965e-01 -2.85845065e-01 -3.80184137e-01  7.92525513e-01
   0.00000000e+00  0.00000000e+00  0.00000000e+00  0.00000000e+00
   0.00000000e+00  0.00000000e+00  0.00000000e+00  0.00000000e+00
   0.00000000e+00  0.00000000e+00  0.00000000e+00  0.00000000e+00
   0.00000000e+00  0.00000000e+00  0.00000000e+00  0.00000000e+00]
 [ 1.30894131e-01 -1.19346660e-01 -8.17661422e-02  3.95404173e-01
   8.97548294e-01  0.00000000e+00  0.00000000e+00  0.00000000e+00
   0.00000000e+00  0.00000000e+00  0.00000000e+00  0.00000000e+00
   0.00000000e+00  0.00000000e+00  0.00000000e+00  0.00000000e+00
   0.00000000e+00  0.00000000e+00  0.00000000e+00  0.00000000e+00]
 [ 3.88835455e-01 -4.15115565e-01  1.13834780e-01 -2.77202122e-01
  -3.35721645e-01  6.88460355e-01  0.00000000e+00  0.00000000e+00
   0.00000000e+00  0.00000000e+00  0.00000000e+00  0.00000000e+00
   0.00000000e+00  0.00000000e+00  0.00000000e+00  0.00000000e+00
   0.00000000e+00  0.00000000e+00  0.00000000e+00  0.00000000e+00]
 [ 3.14471430e-01 -2.69268081e-01 -2.26106856e-01  2.79505337e-01
   1.24895287e-01 -3.26399025e-01  7.59749774e-01  0.00000000e+00
   0.00000000e+00  0.00000000e+00  0.00000000e+00  0.00000000e+00
   0.00000000e+00  0.00000000e+00  0.00000000e+00  0.00000000e+00
   0.00000000e+00  0.00000000e+00  0.00000000e+00  0.00000000e+00]
 [ 4.29402483e-01  1.30073677e-01 -3.23950061e-01 -1.63267454e-01
  -2.78702683e-01  6.87999838e-02 -3.33525591e-01  6.88074486e-01
   0.00000000e+00  0.00000000e+00  0.00000000e+00  0.00000000e+00
   0.00000000e+00  0.00000000e+00  0.00000000e+00  0.00000000e+00
   0.00000000e+00  0.00000000e+00  0.00000000e+00  0.00000000e+00]
 [ 3.73057299e-01  3.90046262e-01  3.93132678e-02 -3.38914162e-01
   1.35713711e-01  1.98926787e-01  1.76259763e-01  2.69744479e-01
   6.56097673e-01  0.00000000e+00  0.00000000e+00  0.00000000e+00
   0.00000000e+00  0.00000000e+00  0.00000000e+00  0.00000000e+00
   0.00000000e+00  0.00000000e+00  0.00000000e+00  0.00000000e+00]
 [-2.11611735e-01  3.30377533e-01  4.05047590e-01 -8.93711124e-02
  -2.65890738e-01  7.64322043e-02  2.95140019e-01 -2.49504189e-01
   1.07216907e-01  6.60776218e-01  0.00000000e+00  0.00000000e+00
   0.00000000e+00  0.00000000e+00  0.00000000e+00  0.00000000e+00
   0.00000000e+00  0.00000000e+00  0.00000000e+00  0.00000000e+00]
 [-1.60457495e-01  3.29367259e-01 -2.82707158e-01  2.53873556e-01
  -1.79845955e-01 -9.49492181e-02 -3.24568533e-01 -3.40282952e-01
  -6.89243469e-02 -1.14405208e-01  6.64122897e-01  0.00000000e+00
   0.00000000e+00  0.00000000e+00  0.00000000e+00  0.00000000e+00
   0.00000000e+00  0.00000000e+00  0.00000000e+00  0.00000000e+00]
 [ 1.47099648e-01 -4.09994284e-02 -1.66092733e-01 -3.62628821e-02
  -1.21567052e-01 -3.55293723e-01  1.80468617e-01  2.92795104e-01
   2.64847032e-01 -3.25149331e-01 -2.64512316e-01  6.65309006e-01
   0.00000000e+00  0.00000000e+00  0.00000000e+00  0.00000000e+00
   0.00000000e+00  0.00000000e+00  0.00000000e+00  0.00000000e+00]
 [ 2.32552517e-01 -2.00439254e-01 -2.64908634e-01  2.14157982e-01
  -3.03304251e-01 -3.59893570e-01  1.98815922e-01  2.26207604e-01
  -2.19745601e-01 -1.19816130e-01 -1.58441631e-01 -2.52442086e-01
   5.70976281e-01  0.00000000e+00  0.00000000e+00  0.00000000e+00
   0.00000000e+00  0.00000000e+00  0.00000000e+00  0.00000000e+00]
 [ 1.50553036e-01 -3.22470568e-01  4.09207722e-01 -3.06733273e-01
   8.51168663e-02  1.25836969e-01 -1.58965027e-01  1.95155887e-02
   3.23654071e-01 -2.03592924e-01 -2.90699523e-01  1.69684388e-01
  -7.03719218e-02  5.46467241e-01  0.00000000e+00  0.00000000e+00
   0.00000000e+00  0.00000000e+00  0.00000000e+00  0.00000000e+00]
 [-1.64153136e-01  1.62367822e-01 -3.56789162e-01  3.11600140e-01
   3.03742728e-01  2.75178889e-01 -5.83530218e-02 -2.20602687e-01
  -1.83277049e-01  9.52641284e-02  2.14932216e-01  2.11511122e-01
   2.10013771e-01 -2.38902495e-01  5.17170058e-01  0.00000000e+00
   0.00000000e+00  0.00000000e+00  0.00000000e+00  0.00000000e+00]
 [ 3.29313883e-01 -4.19628669e-01 -1.48474855e-01 -3.37697066e-01
   1.94341509e-01  3.47185442e-02  2.16490903e-01 -1.26911570e-01
   2.29476521e-01 -1.80017969e-01 -1.42229292e-01  2.69370871e-01
   2.41700523e-01  1.64407869e-01  1.51919048e-01  4.37089157e-01
   0.00000000e+00  0.00000000e+00  0.00000000e+00  0.00000000e+00]
 [ 6.27940275e-04 -2.18928548e-01  3.53191486e-01 -1.83359295e-01
   4.35230869e-01 -9.21533205e-02 -3.61991878e-01 -1.02992523e-01
   2.09936112e-01  7.68913542e-02 -1.92232900e-01 -1.61306848e-01
   1.36415662e-01 -2.35523046e-01 -4.05798690e-03 -2.07109490e-01
   4.73488472e-01  0.00000000e+00  0.00000000e+00  0.00000000e+00]
 [-4.69949784e-01 -3.58125280e-01 -1.99339700e-01  5.55234632e-02
  -8.59681061e-02  3.24394692e-01 -2.04433456e-01 -2.28776613e-01
  -2.38432080e-01  5.74993882e-02 -1.32117881e-01  2.29756016e-01
   2.65508335e-01 -8.49558996e-02  1.44976861e-01  2.00945307e-02
  -1.67492248e-01  3.79121608e-01  0.00000000e+00  0.00000000e+00]
 [-1.95500638e-01  3.03110039e-01  4.39238829e-01 -1.26100030e-01
  -2.30056640e-01 -6.39073709e-02 -2.78442879e-01 -2.26709643e-01
  -5.64404234e-02  1.82393508e-04  2.21107864e-01 -2.97250499e-01
  -4.42308061e-02 -2.81671757e-01  1.64351032e-01 -1.40531504e-01
  -3.10394879e-02 -9.95837286e-02  4.42454235e-01  0.00000000e+00]
 [-2.20448703e-01 -1.85933581e-01  3.62879369e-01 -2.66835711e-01
   3.99100753e-01  3.53377260e-01 -1.94620701e-01  3.12919083e-01
  -3.39827656e-02 -1.66778652e-01 -1.19831912e-02 -3.66552488e-02
   2.34656750e-01 -1.63853763e-01  4.61997355e-02 -1.93693818e-02
  -8.29383167e-02 -9.25078777e-03 -1.53726727e-01  3.85384270e-01]],
NSM =
0.06775393135250249