Lattice =
[[ 1.          0.          0.          0.          0.          0.  0.          0.          0.          0.          0.          0.  0.        ]
 [ 0.48931401  0.87210768  0.          0.          0.          0.  0.          0.          0.          0.          0.          0.  0.        ]
 [ 0.45228762  0.30089803  0.83958102  0.          0.          0. 0.          0.          0.          0.          0.          0.  0.        ]
 [-0.44118312  0.26495228 -0.33211395  0.79047964  0.          0.  0.          0.          0.          0.          0.          0.  0.        ]
 [ 0.43467351 -0.24346762 -0.13368203  0.33888375  0.78680962  0.  0.          0.          0.          0.          0.          0.  0.        ]
 [-0.41311928 -0.28282315 -0.12419593 -0.1803443   0.3299972   0.76973806 0.          0.          0.          0.          0.          0.  0.        ]
 [-0.44349477 -0.22426205  0.2847958   0.09058139 -0.34249391 -0.15526713  0.72270003  0.          0.          0.          0.          0.  0.        ]
 [-0.29420724 -0.37487385  0.26216022  0.19220198  0.08103136  0.34513648 -0.33540485  0.65502704  0.          0.          0.          0.  0.        ]
 [ 0.42526477 -0.28093398 -0.31975528  0.25614883  0.04641555  0.29749901 -0.21846909 -0.29199982  0.59052317  0.          0.          0. 0.        ]
 [ 0.39353756 -0.29520363  0.27047024 -0.06997019 -0.23631799  0.33752069 -0.29411722 -0.05070539  0.29796978  0.57645872  0.          0.  0.        ]
 [ 0.44246245  0.3016968   0.14166539 -0.36499685 -0.01618375 -0.36638323  0.23554184  0.08091265  0.21916077 -0.09446977  0.55356377  0.  0.        ]
 [ 0.24203693  0.39375026  0.28884721  0.03280081  0.14908618 -0.37830779  0.2945554  -0.19552178 -0.10575429  0.2588622   0.17327753  0.5507417 0.        ]
 [-0.39381286  0.31222855  0.28930118  0.27261162  0.31322226 -0.16630623  0.07962336  0.27777949 -0.13525326 -0.17290191  0.1779834  -0.24009111  0.49257982]],
NSM =
0.06992180328915971