Lattice =
[[ 1.          0.          0.          0.          0.          0.
   0.          0.          0.          0.          0.          0.
   0.          0.          0.          0.          0.          0.        ]
 [-0.24157564  0.97038199  0.          0.          0.          0.
   0.          0.          0.          0.          0.          0.
   0.          0.          0.          0.          0.          0.        ]
 [ 0.15499129  0.36239806  0.91904589  0.          0.          0.
   0.          0.          0.          0.          0.          0.
   0.          0.          0.          0.          0.          0.        ]
 [-0.15138763  0.42894227  0.36160381  0.81383844  0.          0.
   0.          0.          0.          0.          0.          0.
   0.          0.          0.          0.          0.          0.        ]
 [ 0.37948042 -0.37382748 -0.03123243 -0.36918766  0.76090251  0.
   0.          0.          0.          0.          0.          0.
   0.          0.          0.          0.          0.          0.        ]
 [-0.48436224  0.27433458  0.30800043  0.1556318  -0.1791781   0.73412768
   0.          0.          0.          0.          0.          0.
   0.          0.          0.          0.          0.          0.        ]
 [-0.33959126  0.26504138  0.3249002   0.19238691  0.33522817  0.29174722
   0.6887406   0.          0.          0.          0.          0.
   0.          0.          0.          0.          0.          0.        ]
 [-0.14900661 -0.0562351   0.42183807  0.31256056 -0.24431979 -0.3113823
   0.02442712  0.73603356  0.          0.          0.          0.
   0.          0.          0.          0.          0.          0.        ]
 [ 0.27409278  0.10222395 -0.33020849  0.17503364 -0.2468517   0.28195045
   0.21419906  0.22867104  0.73221956  0.          0.          0.
   0.          0.          0.          0.          0.          0.        ]
 [ 0.38683818 -0.30738629  0.17067558  0.26590031 -0.35476357 -0.23378571
   0.18629507  0.08697239  0.29709031  0.58735944  0.          0.
   0.          0.          0.          0.          0.          0.        ]
 [-0.41621148  0.33160922  0.35394044  0.25612787  0.11896197  0.06441681
   0.11570367 -0.33727865 -0.03265802  0.14819496  0.59787458  0.
   0.          0.          0.          0.          0.          0.        ]
 [-0.30782639  0.40687084  0.14244491 -0.30386047  0.22843519  0.23228841
   0.20482661  0.20001334 -0.15830866 -0.11768291  0.28426845  0.56502922
   0.          0.          0.          0.          0.          0.        ]
 [ 0.35409895 -0.39338221  0.17758815  0.05364236 -0.22193683 -0.2049756
   0.29383555  0.34559165 -0.25051404 -0.09868268  0.06760641 -0.1531818
   0.53653947  0.          0.          0.          0.          0.        ]
 [ 0.41985414  0.3977024  -0.24208079  0.10408124  0.31499869  0.05864578
   0.29708577 -0.29205304  0.28904713 -0.0593619   0.11707198 -0.12523996
  -0.0687071   0.44577708  0.          0.          0.          0.        ]
 [ 0.22995802  0.30483228  0.18253855 -0.35696502 -0.2862852  -0.31680969
  -0.13659412  0.07381943 -0.31781968  0.20161039  0.22554367  0.17185178
   0.19714902  0.10045586  0.46475713  0.          0.          0.        ]
 [ 0.37886221 -0.10925517  0.08144245  0.42831056  0.25944208  0.35173697
   0.18244196  0.17377616 -0.18360853  0.26559835 -0.11266973  0.10044684
   0.17022787 -0.09393343  0.13315158  0.46622166  0.          0.        ]
 [-0.16386601 -0.2893908  -0.34316572 -0.39495059 -0.23868847 -0.14924174
  -0.2950706  -0.25742449  0.29568752 -0.19979197 -0.09711679 -0.14060847
  -0.18655715 -0.03425663 -0.09235941  0.1593842   0.3957422   0.        ]
 [ 0.46498642 -0.07484097  0.40200554  0.3277531   0.23039736 -0.1310839
   0.04737022  0.18464193  0.12330268  0.05855927  0.27000323 -0.09979697
   0.16530793 -0.2028077   0.21337805 -0.11147747  0.06191965  0.41329208]],
NSM =
0.06834430499191205