Lattice =
[[ 1.          0.          0.          0.          0.          0.
   0.          0.          0.          0.          0.          0.
   0.          0.          0.          0.        ]
 [-0.45598255  0.88998872  0.          0.          0.          0.
   0.          0.          0.          0.          0.          0.
   0.          0.          0.          0.        ]
 [ 0.12865692 -0.36543934  0.92190102  0.          0.          0.
   0.          0.          0.          0.          0.          0.
   0.          0.          0.          0.        ]
 [ 0.13685066 -0.43883099  0.38562884  0.79999353  0.          0.
   0.          0.          0.          0.          0.          0.
   0.          0.          0.          0.        ]
 [-0.24822219 -0.00421582  0.42490206 -0.31450796  0.8117333   0.
   0.          0.          0.          0.          0.          0.
   0.          0.          0.          0.        ]
 [ 0.39507682 -0.2848981   0.24309511 -0.00749358  0.36360768  0.75590042
   0.          0.          0.          0.          0.          0.
   0.          0.          0.          0.        ]
 [ 0.28474226 -0.2010383   0.19473632 -0.15917694 -0.34677879 -0.37317679
   0.74547266  0.          0.          0.          0.          0.
   0.          0.          0.          0.        ]
 [-0.26118016 -0.41928167 -0.43483748  0.03193139 -0.2973372   0.21320356
   0.15890506  0.63778411  0.          0.          0.          0.
   0.          0.          0.          0.        ]
 [-0.44171244  0.10508053  0.43587119 -0.06791153  0.3086881  -0.18785761
   0.31427517 -0.18913111  0.57804347  0.          0.          0.
   0.          0.          0.          0.        ]
 [ 0.41229886 -0.39861321  0.31156693  0.09480734  0.25531861 -0.19162764
  -0.33371829  0.06355245 -0.19358847  0.55701232  0.          0.
   0.          0.          0.          0.        ]
 [-0.39285342 -0.29353018 -0.02106058  0.0680725   0.33578724 -0.29605669
  -0.11907187  0.24170797  0.20011521 -0.25101047  0.61512029  0.
   0.          0.          0.          0.        ]
 [-0.46460366  0.12366098  0.40415121 -0.32342067  0.21386477 -0.00823579
  -0.11686293  0.22738022 -0.26890623  0.13430096  0.14859165  0.52661258
   0.          0.          0.          0.        ]
 [-0.20983099 -0.31918689 -0.03041674  0.27238856  0.19468694 -0.27004616
   0.14490894  0.32761842  0.29187328  0.1882239  -0.27821288 -0.01897722
   0.58431911  0.          0.          0.        ]
 [ 0.40685647 -0.29848478 -0.05770121  0.10010281  0.39504297 -0.34505684
   0.08007514 -0.19529518 -0.04334918 -0.21083287 -0.11599537  0.24020058
  -0.18213944  0.51155993  0.          0.        ]
 [-0.45393208 -0.20465844 -0.18624692 -0.18708417  0.38342115  0.23403406
  -0.22184383 -0.09155138  0.11742483 -0.1508192  -0.15885719  0.23320615
   0.22149407  0.21454115  0.46016177  0.        ]
 [-0.21197992  0.34118759 -0.31601586  0.08577864  0.00380202  0.38812075
   0.0101445  -0.26365096 -0.19492732 -0.20482706 -0.26602623 -0.20491164
  -0.26217391 -0.13966448  0.13406309  0.46069608]],
NSM =
0.06895568928782661