Lattice =
[[ 1.          0.          0.          0.          0.          0. 0.          0.          0.          0.          0.          0.  0.          0.        ]
 [ 0.48986498  0.87179831  0.          0.          0.          0. 0.          0.          0.          0.          0.          0. 0.          0.        ]
 [ 0.29076187 -0.37295533  0.88111399  0.          0.          0.  0.          0.          0.          0.          0.          0.  0.          0.        ]
 [ 0.39982072  0.21065209  0.38179516  0.80622673  0.          0.  0.          0.          0.          0.          0.          0.  0.          0.        ]
 [ 0.4140273  -0.05129358 -0.3642194  -0.19492167  0.80950611  0.  0.          0.          0.          0.          0.          0.  0.          0.        ]
 [-0.23666456  0.34417475  0.35239845 -0.2361683  -0.31221378  0.7403351  0.          0.          0.          0.          0.          0.  0.          0.        ]
 [-0.44474818  0.05067039  0.37209864  0.13426778 -0.22749582  0.26595003  0.72156952  0.          0.          0.          0.          0.  0.          0.        ]
 [-0.41087415  0.03227381  0.3237353  -0.25809068 -0.24023508 -0.2535887  0.27900261  0.67739421  0.          0.          0.          0.  0.          0.        ]
 [ 0.40696529 -0.05550471  0.15761192 -0.39764147  0.38211034  0.13404559 -0.33497226 -0.08820533  0.60363491  0.          0.          0.  0.          0.        ]
 [ 0.44204435  0.20438676  0.34234158 -0.01460643  0.3150627   0.30507432  0.25043386  0.24497099  0.27316163  0.50569923  0.          0.  0.          0.        ]
 [ 0.45032326 -0.06039985  0.3193191   0.37276244  0.3530713   0.01974753 -0.31101464  0.18198211 -0.22520897 -0.14973848  0.4739269   0.  0.          0.        ]
 [-0.41532939 -0.00361343 -0.31343909 -0.25845713 -0.24654144 -0.36217776 -0.22908956  0.18704579  0.28488744  0.07706335 -0.125537    0.52930291  0.          0.        ]
 [-0.40754724  0.37227022  0.14593293  0.03867283  0.24374162  0.25016518  0.30523233 -0.28967142  0.20654591 -0.19951169 -0.15699746 -0.18963958  0.47998096  0.        ]
 [ 0.36449592 -0.27926185  0.19836439  0.01936453  0.39192101 -0.2677477 -0.23560368 -0.31716682 -0.21204588  0.15681791  0.00557603 -0.17547663 -0.23661653  0.46007771]],
NSM =
0.06955184244269419