Lattice =
[[ 1.          0.          0.          0.          0.          0.
   0.          0.          0.          0.          0.          0.
   0.          0.          0.        ]
 [ 0.4106534   0.91179153  0.          0.          0.          0.
   0.          0.          0.          0.          0.          0.
   0.          0.          0.        ]
 [-0.34003842 -0.39820355  0.85194355  0.          0.          0.
   0.          0.          0.          0.          0.          0.
   0.          0.          0.        ]
 [-0.08330457  0.43931199 -0.26887403  0.85309559  0.          0.
   0.          0.          0.          0.          0.          0.
   0.          0.          0.        ]
 [ 0.36243776  0.32503437  0.26688366  0.20678868  0.80560728  0.
   0.          0.          0.          0.          0.          0.
   0.          0.          0.        ]
 [-0.42078791 -0.37963265  0.32905098  0.32297853  0.24330023  0.63799052
   0.          0.          0.          0.          0.          0.
   0.          0.          0.        ]
 [-0.30299221 -0.354547    0.39617655 -0.0262347  -0.35984082  0.24005286
   0.66161714  0.          0.          0.          0.          0.
   0.          0.          0.        ]
 [ 0.43581147  0.33003995  0.31764773  0.23764337 -0.29653921 -0.00975186
  -0.23303598  0.63358596  0.          0.          0.          0.
   0.          0.          0.        ]
 [-0.11020674  0.1833502   0.36908779  0.41931151 -0.29745363 -0.0249723
  -0.3268143  -0.01116651  0.66794812  0.          0.          0.
   0.          0.          0.        ]
 [-0.10713255 -0.40930079 -0.21467516  0.17917405  0.36837622 -0.31604214
  -0.04856757  0.29387024 -0.29897739  0.57368723  0.          0.
   0.          0.          0.        ]
 [ 0.45029649 -0.20768447  0.27862612  0.32874024  0.2656471   0.05053297
  -0.34817828 -0.12131296  0.06037374  0.19430833  0.56385278  0.
   0.          0.          0.        ]
 [-0.01257449  0.42368855  0.33103304 -0.223744    0.19730641 -0.16075947
  -0.34506387  0.13851277 -0.29277087  0.1553295  -0.17580078  0.56294707
   0.          0.          0.        ]
 [-0.36340393 -0.30112001  0.20076021 -0.14033567  0.34087867 -0.02833303
   0.3244429   0.27177342 -0.23909695  0.15136423  0.16375982 -0.20362381
   0.52228549  0.          0.        ]
 [ 0.36346409  0.42118237  0.15605633  0.35711229  0.25595613 -0.21186135
  -0.13648609  0.25684169  0.25990881 -0.06758304  0.13465227  0.16141996
   0.18281527  0.44033227  0.        ]
 [-0.47041521 -0.30911805 -0.07005013 -0.39037763  0.11276004  0.23205794
  -0.30286555 -0.05630812  0.00738899 -0.23456396  0.1610346   0.10302245
  -0.16935838 -0.16733754  0.46484971]],
NSM =
0.06929725448180957