Lattice =
[[ 1.00000000e+00  0.00000000e+00  0.00000000e+00  0.00000000e+00 0.00000000e+00  0.00000000e+00  0.00000000e+00  0.00000000e+00  0.00000000e+00  0.00000000e+00  0.00000000e+00  0.00000000e+00  0.00000000e+00  0.00000000e+00  0.00000000e+00  0.00000000e+00  0.00000000e+00  0.00000000e+00  0.00000000e+00]
 [-2.97193891e-01  9.54817151e-01  0.00000000e+00  0.00000000e+00 0.00000000e+00  0.00000000e+00  0.00000000e+00  0.00000000e+00 0.00000000e+00  0.00000000e+00  0.00000000e+00  0.00000000e+00 0.00000000e+00  0.00000000e+00  0.00000000e+00  0.00000000e+00  0.00000000e+00  0.00000000e+00  0.00000000e+00]
 [-4.13893196e-01 -1.63479086e-01  8.95526108e-01  0.00000000e+00 0.00000000e+00  0.00000000e+00  0.00000000e+00  0.00000000e+00  0.00000000e+00  0.00000000e+00  0.00000000e+00  0.00000000e+00 0.00000000e+00  0.00000000e+00  0.00000000e+00  0.00000000e+00 0.00000000e+00  0.00000000e+00  0.00000000e+00]
 [-2.11903729e-01  2.45647966e-01  2.77716635e-01  9.04227492e-01 0.00000000e+00  0.00000000e+00  0.00000000e+00  0.00000000e+00 0.00000000e+00  0.00000000e+00  0.00000000e+00  0.00000000e+00 0.00000000e+00  0.00000000e+00  0.00000000e+00  0.00000000e+00 0.00000000e+00  0.00000000e+00  0.00000000e+00]
 [-3.33097933e-01  1.94368658e-01  2.32384458e-01 -3.81094968e-01 8.07484167e-01  0.00000000e+00  0.00000000e+00  0.00000000e+00 0.00000000e+00  0.00000000e+00  0.00000000e+00  0.00000000e+00  0.00000000e+00  0.00000000e+00  0.00000000e+00  0.00000000e+00  0.00000000e+00  0.00000000e+00  0.00000000e+00]
 [-2.50884457e-01 -3.03470155e-01 -2.39622138e-01 -3.91493262e-01 3.60279792e-01  7.10264446e-01  0.00000000e+00  0.00000000e+00 0.00000000e+00  0.00000000e+00  0.00000000e+00  0.00000000e+00 0.00000000e+00  0.00000000e+00  0.00000000e+00  0.00000000e+00 0.00000000e+00  0.00000000e+00  0.00000000e+00]
 [-3.97523544e-01  2.82287942e-01  2.71818314e-01 -3.31303665e-01 -1.88235399e-01 -3.00541569e-01  6.72966147e-01  0.00000000e+00  0.00000000e+00  0.00000000e+00  0.00000000e+00  0.00000000e+00 0.00000000e+00  0.00000000e+00  0.00000000e+00  0.00000000e+00 0.00000000e+00  0.00000000e+00  0.00000000e+00]
 [-4.31031991e-01 -3.69308836e-01 -1.90720695e-01 -1.80116710e-01 7.40289468e-02  2.23115516e-01  3.21782928e-01  6.70970135e-01 0.00000000e+00  0.00000000e+00  0.00000000e+00  0.00000000e+00  0.00000000e+00  0.00000000e+00  0.00000000e+00  0.00000000e+00 0.00000000e+00  0.00000000e+00  0.00000000e+00]
 [-2.66944527e-01  1.11311855e-01  3.59942688e-01 -2.71660734e-01 -1.66353749e-01 -2.23212624e-01  1.81024712e-01 -2.45537525e-01 7.36502498e-01  0.00000000e+00  0.00000000e+00  0.00000000e+00 0.00000000e+00  0.00000000e+00  0.00000000e+00  0.00000000e+00 0.00000000e+00  0.00000000e+00  0.00000000e+00]
 [-1.86814843e-01 -2.37357757e-01  2.68640902e-01 -3.88476846e-01  2.99592078e-01  2.06237017e-01 -2.65981191e-01 -2.44292668e-01 -1.12953292e-01  6.40473924e-01  0.00000000e+00  0.00000000e+00  0.00000000e+00  0.00000000e+00  0.00000000e+00  0.00000000e+00  0.00000000e+00  0.00000000e+00  0.00000000e+00]
 [-2.79951668e-01 -2.00817767e-01  3.90554567e-01 -3.25229479e-01 -2.42314660e-01  7.82844397e-02 -2.75354818e-01 -2.95488605e-01 -4.65519297e-02 -1.01230747e-01  6.18545729e-01  0.00000000e+00  0.00000000e+00  0.00000000e+00  0.00000000e+00  0.00000000e+00  0.00000000e+00  0.00000000e+00  0.00000000e+00]
 [ 4.11875878e-01  2.25870142e-01  3.42962753e-01  4.31562498e-02 -1.13192282e-01 -1.59366068e-01  2.11664276e-01  2.91981767e-01 -2.82598529e-01 -2.62185053e-01  2.66025234e-01  5.21744686e-01  0.00000000e+00  0.00000000e+00  0.00000000e+00  0.00000000e+00  0.00000000e+00  0.00000000e+00  0.00000000e+00]
 [ 3.64893312e-01 -3.57412934e-01 -2.69381246e-01  3.76030867e-03  3.74017021e-01 -1.20092313e-01 -3.04283017e-01 -3.52240283e-02 4.69159806e-02  3.09248134e-01  2.69360091e-01  1.24733425e-01  4.82120196e-01  0.00000000e+00  0.00000000e+00  0.00000000e+00 0.00000000e+00  0.00000000e+00  0.00000000e+00]
 [-3.47891268e-01 -3.60929979e-01  3.99414819e-01 -2.98053334e-01 2.34166064e-01 -6.34664703e-02  1.77994086e-01 -2.80055608e-01  1.52970314e-01  1.97243197e-01  7.26576369e-02  1.81410690e-01 9.57466100e-02  4.70847398e-01  0.00000000e+00  0.00000000e+00 0.00000000e+00  0.00000000e+00  0.00000000e+00]
 [ 8.11606301e-02 -4.44009507e-01  1.72096850e-01  3.06648497e-01 -3.39344993e-01  3.36369032e-01  1.97147507e-01 -1.55020804e-01 -1.26552771e-01 -2.49077045e-01 -1.17711855e-01  1.69822254e-02 1.23695656e-01 -1.40853716e-01  5.04063790e-01  0.00000000e+00 0.00000000e+00  0.00000000e+00  0.00000000e+00]
 [-4.16134920e-01  3.60713015e-01  7.27264771e-05  2.55263642e-01 3.06770505e-01  3.01646700e-01  1.43582927e-01 -9.48102583e-02  8.08031506e-02  2.90783073e-01 -1.72465799e-01  4.66672214e-02 -2.20859422e-02  2.05772977e-01  1.41306448e-01  4.80676976e-01 0.00000000e+00  0.00000000e+00  0.00000000e+00]
 [-3.17380570e-01 -2.63738302e-01  3.49669194e-01  3.65086268e-01  2.46167269e-01 -2.65756327e-01 -1.26764587e-01 -2.21623597e-01 -2.28984936e-01  1.19914293e-01  1.46681531e-01  1.00015029e-01  2.14287537e-01 -9.55360764e-02 -1.38660593e-01  1.99424956e-01  4.06655561e-01  0.00000000e+00  0.00000000e+00]
 [-4.21585192e-01  2.33450440e-01 -3.28004855e-01 -2.14316267e-01 -1.79901560e-01  1.82401149e-01  2.49545355e-01 -3.67525149e-02  3.13042420e-01 -3.80764127e-02  3.50923170e-02 -1.83566522e-01 -1.86701749e-01  3.12182832e-02  2.04144068e-01  1.82813169e-01  7.44139978e-02  4.83891782e-01  0.00000000e+00]
 [-3.93328227e-01  2.48475551e-01  2.60260556e-02 -4.28140210e-01 -6.33881916e-02  1.63406400e-01  2.08047764e-01  1.97973547e-01  2.52503385e-02 -2.87941910e-01 -9.51308020e-02  2.65994822e-02 2.17287153e-01  2.36224214e-01 -1.26396468e-01 -2.09948763e-01 1.50558759e-01 -2.10291339e-01  4.03866625e-01]],
NSM =
0.06810663786195231