Lattice =
[[ 1.          0.          0.          0.          0.          0.
   0.          0.          0.          0.          0.        ]
 [-0.43543492  0.90022021  0.          0.          0.          0.
   0.          0.          0.          0.          0.        ]
 [-0.00731951  0.442384    0.89679586  0.          0.          0.
   0.          0.          0.          0.          0.        ]
 [-0.00727404  0.46638649  0.30026246  0.83202956  0.          0.
   0.          0.          0.          0.          0.        ]
 [-0.01121173 -0.47111856 -0.31943376  0.39049368  0.72346275  0.
   0.          0.          0.          0.          0.        ]
 [-0.017146   -0.45654316 -0.32181925  0.40595137  0.0327492   0.72238335
   0.          0.          0.          0.          0.        ]
 [ 0.01929091 -0.47342996 -0.30460609 -0.21408649 -0.33731521 -0.33368739
   0.64167376  0.          0.          0.          0.        ]
 [ 0.00401516 -0.48599045  0.27881762  0.17464533 -0.30620677 -0.30687314
   0.27896478  0.62434114  0.          0.          0.        ]
 [-0.00708376  0.48594637 -0.26726243 -0.18742039  0.31417557  0.29699756
  -0.28310078  0.16789699  0.60166523  0.          0.        ]
 [-0.0101977   0.48686852 -0.27271338 -0.17289483  0.31624514  0.29857379
  -0.28614451  0.15179833 -0.20630118  0.56740722  0.        ]
 [ 0.48859826  0.23076661  0.43686919  0.30924328  0.17531921  0.1892348
  -0.11612677  0.13462458 -0.16740795 -0.24368065  0.48576835]],
NSM =
0.07075225519319203