Lattice =
[[ 1.00000000e+00  0.00000000e+00  0.00000000e+00  0.00000000e+00 0.00000000e+00  0.00000000e+00  0.00000000e+00  0.00000000e+00]
 [ 4.91284814e-01  8.70998985e-01  0.00000000e+00  0.00000000e+00 0.00000000e+00  0.00000000e+00  0.00000000e+00  0.00000000e+00]
 [-4.93323613e-01 -2.90184720e-01  8.20015025e-01  0.00000000e+00 0.00000000e+00  0.00000000e+00  0.00000000e+00  0.00000000e+00]
 [-4.92841658e-01  2.98480649e-01  4.05962538e-01  7.09373541e-01 0.00000000e+00  0.00000000e+00  0.00000000e+00  0.00000000e+00]
 [-4.90173282e-01 -2.90991316e-01  1.99804635e-01  3.52006128e-01 7.14999302e-01  0.00000000e+00  0.00000000e+00  0.00000000e+00]
 [-4.95231509e-01 -2.89322470e-01  2.03375291e-01 -3.53242405e-01 3.48029161e-01  6.19493550e-01  0.00000000e+00  0.00000000e+00]
 [ 4.93496497e-01 -2.88096762e-01  2.04293720e-01 -3.51234720e-01 -3.51604211e-01  2.03174434e-01  5.86049775e-01  0.00000000e+00]
 [-4.89425102e-01  2.90875855e-01  4.07781767e-01 -9.87670090e-04 3.52720511e-01  2.03574967e-01 -2.89144345e-01  5.10008219e-01]],
NSM =
0.07169975756105919