Lattice =
[[ 1.          0.          0.          0.          0.          0. 0.          0.          0.          0.          0.          0.        ]
 [-0.47895028  0.87784203  0.          0.          0.          0. 0.          0.          0.          0.          0.          0.        ]
 [ 0.40609086 -0.25721607  0.8768866   0.          0.          0. 0.          0.          0.          0.          0.          0.        ]
 [ 0.45070882 -0.10049996 -0.30776564  0.8318904   0.          0. 0.          0.          0.          0.          0.          0.        ]
 [ 0.46935477 -0.12400002 -0.32632561 -0.30610949  0.75109165  0. 0.          0.          0.          0.          0.          0.        ]
 [-0.47766055  0.11108069  0.33333898 -0.25723556 -0.38526247  0.65862683 0.          0.          0.          0.          0.          0.        ]
 [-0.48327904  0.38409448 -0.15728609 -0.16628155  0.37429942 -0.30422522 0.57781597  0.          0.          0.          0.          0.        ]
 [-0.4083947   0.27112512 -0.30222466  0.25151793 -0.29137656  0.32851379 -0.2082296   0.60739011  0.          0.          0.          0.        ]
 [-0.38411688 -0.25833502  0.13953341  0.26629565 -0.2497222  -0.34108458 -0.21312454 -0.20731614  0.65439467  0.          0.          0.        ]
 [ 0.48811636 -0.1405668  -0.32069563 -0.25058805 -0.35703129 -0.01121385 -0.00985911  0.23716599 -0.28676749  0.55692526  0.          0.        ]
 [-0.49258364 -0.14906637 -0.32145941 -0.222181   -0.37863298  0.01513883 0.00324971  0.19244203 -0.28706147 -0.23559897  0.51370443  0.        ]
 [ 0.34974282 -0.28970955 -0.31102767 -0.42263643  0.04016252  0.32629649 -0.20641425  0.16773536 -0.24813993 -0.14952039 -0.23843127  0.445853  ]],
NSM =
0.07023126129369708