Lattice =
[[ 1.          0.          0.          0.          0.          0. 0.          0.          0.          0.        ]
 [-0.4709456   0.88216226  0.          0.          0.          0. 0.          0.          0.          0.        ]
 [-0.48460462  0.31427635  0.81632637  0.          0.          0. 0.          0.          0.          0.        ]
 [-0.42773779 -0.25631234  0.35546651  0.79056178  0.          0. 0.          0.          0.          0.        ]
 [ 0.42684454  0.25536591 -0.36648746  0.26077582  0.74180516  0. 0.          0.          0.          0.        ]
 [-0.41577419  0.2623468  -0.36947327  0.26802496 -0.36629489  0.64481482 0.          0.          0.          0.        ]
 [ 0.47721574 -0.3078946  -0.2065777  -0.30443705 -0.20485069 -0.34536755 0.61714443  0.          0.          0.        ]
 [-0.47690925  0.30918117  0.19931155  0.28941176  0.20613819 -0.35241283 -0.20139897  0.58841398  0.          0.        ]
 [-0.48071029 -0.31058064 -0.18946412 -0.30155756 -0.19697116  0.34640458 0.20773502  0.2860926   0.51169042  0.        ]
 [ 0.46375332 -0.31985106 -0.19685072 -0.30126704  0.40964983 -0.00583875 0.21113506 -0.15002334  0.24549413  0.50785496]],
NSM =
0.07112284945357678